400 2 0 
2.2833 3.0871
4.0195 0.8869
2.0220 1.4535
3.1447 2.4274
1.6763 2.4830
2.1641 4.1077
1.4229 1.4173
2.8496 1.9055
1.6527 2.0522
1.7115 3.1115
2.8836 1.6884
3.5033 3.3037
0.9668 2.5354
1.5554 1.9951
2.3129 2.1902
1.5137 3.5312
1.3185 2.0269
1.5267 2.4059
3.8108 2.3152
2.7486 3.0848
0.2415 0.9979
2.7459 2.0313
2.3789 1.5043
2.0282 2.8185
4.4790 1.9393
2.0979 1.6816
3.2203 3.4278
3.0209 2.7606
2.0496 1.5821
3.6695 1.3817
2.1740 1.8131
4.1745 0.9317
2.7295 1.9917
0.6817 1.9461
1.9016 2.3683
3.8207 2.6139
1.2498 1.5741
3.1062 2.9943
2.2254 3.6389
1.5732 3.0185
1.4606 1.0814
2.4454 1.5407
3.3391 1.3796
3.5800 3.7311
2.0896 2.9876
2.0319 0.8612
3.9447 2.4232
2.5174 1.2840
2.8267 2.4855
-0.0160 1.2041
2.7503 1.3441
3.3257 2.1776
0.1011 3.4805
2.3038 3.3419
4.4746 2.4150
0.6151 2.5921
2.8096 1.5128
4.0893 2.3175
2.2521 3.0271
3.3962 0.8812
2.7132 4.6786
1.4113 0.7761
1.3411 4.0394
1.2087 2.0707
2.5394 2.3725
3.8954 2.5857
2.1760 2.8266
0.3535 3.7749
1.7980 0.7082
0.6640 2.1713
3.3071 2.6892
2.5364 1.4141
2.8451 2.7583
3.0314 2.0385
1.9959 0.1736
3.5607 3.4323
2.4082 2.9741
2.6883 2.3303
3.1725 3.2625
1.9496 2.3835
4.3842 2.0051
3.4310 1.0116
2.2416 2.9638
3.8566 1.8245
3.0103 4.0377
2.7051 2.4383
-0.0075 1.5387
4.2882 2.1639
3.9666 2.2280
1.6244 3.5369
3.4286 2.8841
2.5891 2.0140
3.2578 1.5387
2.7300 3.6564
1.9860 2.6250
3.8667 1.6762
3.2782 2.1665
0.2928 3.3680
3.9552 2.8662
3.2127 1.2186
-2.0971   -3.3328
-2.4342   -3.6429
-2.7834   -3.0027
-3.0379   -2.7489
-2.7237   -2.3880
-0.7715   -4.2225
-3.0800   -1.2979
-1.3266   -3.2119
-1.9900   -1.5430
-2.1906   -2.2227
-0.7271   -2.7064
-2.5356   -2.4864
-2.4961   -2.6267
-2.9552   -1.7045
-2.3438   -2.4404
-2.1366   -2.9593
-1.8358   -1.6739
-1.3798   -3.2597
-2.4428   -1.2116
-2.7749   -2.7546
-3.2114   -2.4424
-0.9058   -0.9018
-4.7644   -3.5655
-1.9702   -4.3675
-2.8709   -1.4008
-1.5499   -2.9021
-2.0701   -3.2605
-2.0923   -1.6021
-2.6476   -3.7978
-2.3073   -2.5539
-3.7749   -0.4476
-2.1880   -1.9931
-3.1888   -3.0891
-3.0452   -2.8358
-3.1914   -3.4299
-2.8864   -2.7666
-2.4123   -1.9654
-1.5912   -2.1759
-2.4823   -1.6203
-0.7974   -1.1323
-3.3758   -2.8641
-3.4718   -3.3122
-1.3897   -4.5168
-1.5793   -1.1869
-1.6357   -2.3578
-2.7440   -3.5516
0.2651   -0.8940
-2.9877   -2.3011
-1.5223   -3.6258
-3.0901   -1.2918
-3.8845   -3.7620
-2.6368   -2.3369
-1.1195   -2.0671
-0.8485   -2.0390
-2.9247   -1.1149
-3.2265   -3.0423
-4.2749   -2.0793
-1.3436   -2.0469
-2.2314   -2.8291
-3.2169   -4.9190
-1.5643   -3.1416
-2.6421   -2.1873
-2.4782   -2.5414
-2.8747   -2.9947
-3.5156   -2.8525
-1.1887   -1.6050
-2.3102   -3.6358
-3.8192   -4.5692
-2.3708   -3.7656
-2.3329   -3.3468
-3.4648   -1.3412
-2.2797   -1.8255
-1.8865   -2.8998
-4.1386   -2.7884
-1.2982   -3.4340
-3.0925   -1.4463
-2.0306   -2.1899
-2.9878   -3.0768
-1.1281   -1.6158
-2.7350   -3.9200
-2.3736   -2.2359
-3.7038   -1.3123
-1.4523   -2.9107
-2.5741   -2.2340
-6.3143   -3.6528
-3.2486   -3.3453
-3.9432   -3.6572
-3.0167   -1.3198
-3.1192   -1.7700
-2.6034   -2.0163
-2.1895   -1.1247
-3.4335   -2.7689
-1.0284   -2.3451
-3.4773   -2.9768
-3.0231   -3.9807
-3.4831   -2.6847
-3.3002   -1.7244
-1.1302   -3.5368
-2.5681   -2.0531
-2.5142   -1.4595
2.4045   -1.6597
4.6016   -4.7708
3.4648   -2.5761
1.6646   -3.7902
1.1276   -2.6899
3.4145   -2.9902
0.4865   -2.2397
2.5277   -4.0372
3.0675   -1.5625
2.9257   -0.7600
4.1504   -4.0591
4.2508   -2.3220
2.9681   -3.7220
1.6443   -3.5509
2.4153   -3.1496
3.8801   -0.2112
2.1814   -2.9123
3.5909   -1.6050
1.2353   -1.9918
2.7504   -2.7371
1.2921   -1.8308
0.8206   -2.4572
3.3630   -3.1359
2.8982   -4.1346
0.8215   -1.8791
3.2117   -3.5691
2.2273   -2.7450
2.1735   -3.2060
2.6726   -3.3596
2.0700   -1.1904
2.9625   -3.3803
2.4569   -1.3731
2.7993   -3.1773
2.8303   -2.2555
2.7101   -3.7287
2.0078   -2.1082
2.1088   -2.2831
1.5949   -0.4857
2.1694   -0.9139
2.1980   -2.9982
1.6906   -1.6924
3.2382   -2.5532
3.0260   -2.9430
3.6815   -2.8505
2.6114   -3.0798
4.9819   -3.3108
2.8263   -3.4179
3.3799   -3.1290
1.8332   -1.5232
1.2110   -2.5568
1.4970   -2.2943
3.3643   -2.4495
1.4512   -1.6502
2.8498   -0.2747
1.7330   -1.8311
3.3852   -3.2632
2.3383   -3.6331
4.2385   -2.6747
3.9395   -2.4186
0.9396   -3.6851
2.0555   -2.9887
2.0938   -1.8694
2.4803   -5.1562
2.5409   -0.6680
3.3859   -3.6053
3.1025   -4.8838
2.0086   -2.4904
0.3576   -4.2255
3.1642   -2.5204
1.4805   -1.8705
1.4380   -2.9811
3.8333   -1.1055
2.7446   -2.7166
2.4144   -2.9020
3.7780   -2.5998
1.7366   -0.6019
2.2805   -2.7255
2.8605   -4.1595
4.0917   -4.6117
1.9947   -3.2640
2.8210   -1.8017
5.4300   -1.5411
0.8692   -2.3815
1.3776   -2.2864
3.3857   -1.4860
3.5120   -1.8454
2.0622   -3.2383
2.3453   -3.1028
2.7923   -1.8109
1.8376   -3.8207
0.5498   -2.2986
1.8817   -3.0971
2.0235   -3.0404
3.3209   -2.2412
1.9588   -5.1798
4.4641   -2.2473
3.1040   -4.1069
2.3465   -4.1474
1.7753   -2.2542
2.7900   -1.7092
-2.2504 4.2554
-2.7103 2.6525
-3.4179 3.1332
-2.4189 1.5790
-2.2800 1.9316
-5.0278 1.7236
-3.8115 2.0773
-2.8574 2.9081
-4.9681 2.6822
-2.4130 3.4277
-2.3268 4.2018
-0.8040 3.2700
-2.4054 2.0235
-2.1498 1.7221
-1.4384 3.6307
-1.5830 2.6559
-2.7274 2.1542
-3.2131 4.2945
-2.9652 1.3708
-2.0741 1.1871
-3.7557 3.3285
-3.4212 4.9403
-3.8481 2.4568
-1.2409 2.1763
-3.2282 2.7065
-1.8209 2.2979
-3.2135 0.6780
-2.8114 3.4300
-2.1829 2.3372
-3.9008 1.5085
-2.2122 2.8012
-1.6631 1.6421
-2.8656 0.4030
-1.6359 2.8809
-3.6886 1.1478
-0.6677 2.6974
-2.5329 1.1747
-2.4766 3.5106
-3.3538 1.2159
-2.3388 0.6311
-4.6122 3.2173
-1.5040 2.6571
-2.7856 2.3415
-2.2927 1.6805
-0.1188 2.4661
-3.9670 2.3329
-1.3297 2.8460
-4.5665 2.8643
-2.0789 2.1365
-1.4562 2.5031
-2.4270 1.7267
-2.3113 1.7740
-3.6156 3.6469
-4.2727 2.1681
-3.8639 2.4822
-0.6156 1.9735
-2.6694 4.5039
-4.4709 1.5331
-2.3003 3.3455
-2.6387 3.4939
-4.2818 2.1604
-2.4581 3.5330
-2.5006 1.3045
-4.0924 3.2903
-3.3982 3.2897
-2.3463 1.4284
-2.0229 3.2148
-1.8168 2.7209
-2.0127 5.0394
-1.5651 1.3842
-2.0863 1.4325
-3.8756 2.6192
-3.3413 2.2153
-1.6819 2.3188
-2.7711 0.5379
-2.0502 2.2269
-4.8358 2.9756
-2.8567 3.3058
-3.1320 2.3440
-2.2924 3.9183
-2.2558 2.8998
-3.3785 2.4386
-2.9767 1.6339
-3.3146 1.0355
-2.6536 2.3618
-3.5749 3.0808
-2.7175 0.9388
-4.4987 2.4845
-2.5899 2.8704
-2.8858 2.6308
-2.3010 3.8042
-2.3936 5.2462
-2.2423 3.2129
-1.7082 1.4966
-3.2600 3.6299
-2.6362 2.3989
-3.3384 1.2903
-3.4201 3.5741
-2.8078 2.2513
-2.5719 2.8925
