990 10 1
 -3.63900 0.41800 -0.67000 1.77900 -0.16800 1.62700 -0.38800 0.52900 -0.87400 -0.81400 0
-3.32700 0.49600 -0.69400 1.36500 -0.26500 1.93300 -0.36300 0.51000 -0.62100 -0.48800 1
-2.12000 0.89400 -1.57600 0.14700 -0.70700 1.55900 -0.57900 0.67600 -0.80900 -0.04900 2
-2.28700 1.80900 -1.49800 1.01200 -1.05300 1.06000 -0.56700 0.23500 -0.09100 -0.79500 3
-2.59800 1.93800 -0.84600 1.06200 -1.63300 0.76400 0.39400 -0.15000 0.27700 -0.39600 4
-2.85200 1.91400 -0.75500 0.82500 -1.58800 0.85500 0.21700 -0.24600 0.23800 -0.36500 5
-3.48200 2.52400 -0.43300 1.04800 -1.99500 0.90200 0.32200 0.45000 0.37700 -0.36600 6
-3.94100 2.30500 0.12400 1.77100 -1.81500 0.59300 -0.43500 0.99200 0.57500 -0.30100 7
-3.86000 2.11600 -0.93900 0.68800 -0.67500 1.67900 -0.51200 0.92800 -0.16700 -0.43400 8
-3.64800 1.81200 -1.37800 1.57800 0.06500 1.57700 -0.46600 0.70200 0.06000 -0.83600 9
-3.03200 1.73900 -1.14100 0.73700 -0.83400 1.38600 -0.57500 0.67900 -0.01800 -0.82300 10
-3.65300 0.37300 -0.60000 1.70500 -0.22200 1.76500 -0.35300 0.53700 -0.79700 -0.81300 0
-3.23700 0.43600 -0.86000 1.36300 -0.25100 1.91500 -0.39500 0.75100 -0.77400 -0.32700 1
-2.13500 0.95400 -1.63200 0.12100 -0.70400 1.60000 -0.62800 0.71300 -0.90300 -0.02700 2
-2.30400 1.78400 -1.50600 0.98100 -0.96100 0.80600 -0.29400 -0.00200 0.11900 -0.76000 3
-2.54000 2.14400 -1.02400 0.93300 -1.56700 1.02400 0.18800 -0.04700 0.30900 -0.63300 4
-2.82600 2.00300 -0.73800 0.80100 -1.66900 0.93900 0.24500 -0.25700 0.25600 -0.45800 5
-3.58200 2.37400 -0.35800 1.16200 -1.95300 0.62100 0.33900 0.35500 0.41500 -0.25900 6
-3.95100 2.25000 0.12700 1.77200 -1.90600 0.56700 -0.43200 1.04500 0.59800 -0.29300 7
-3.78300 1.97400 -1.20000 0.60600 -0.65000 1.50400 -0.13400 0.52800 0.39200 -0.58000 8
-3.67300 1.81100 -1.40500 1.62100 0.04400 1.57200 -0.45300 0.74500 -0.06600 -0.73300 9
-2.94600 1.64900 -1.16700 0.78800 -0.90900 1.30000 -0.56200 0.90200 -0.07000 -0.84200 10
-3.66500 0.33700 -0.64100 1.79100 -0.19400 1.68600 -0.35900 0.57000 -0.67600 -0.84100 0
-3.16500 0.40800 -0.97100 1.20700 -0.29800 1.92100 -0.21500 0.72300 -0.49200 -0.42500 1
-2.10500 1.03500 -1.70500 0.23100 -0.55800 1.55400 -0.64900 0.71000 -0.85500 -0.15100 2
-2.31200 1.74600 -1.51000 1.01900 -0.99000 0.94100 -0.48800 0.20800 0.03300 -0.84700 3
-2.63500 2.14700 -1.12900 0.91100 -1.40700 1.09500 -0.07100 0.11800 0.13900 -0.68500 4
-2.88700 2.13100 -0.83000 0.68200 -1.55700 0.81800 0.44800 -0.38200 0.20700 -0.40200 5
-3.63500 2.25000 -0.39400 1.01200 -1.69300 0.11700 0.66500 0.28100 0.34300 -0.00300 6
-3.98600 2.32500 0.10200 1.63300 -2.01400 0.57600 -0.34400 1.00300 0.56600 -0.24500 7
-3.71200 1.81600 -1.17100 0.64700 -0.76700 1.69800 -0.34700 0.92000 0.15900 -0.35900 8
-3.74000 1.83200 -1.38400 1.58700 0.04900 1.64200 -0.51600 0.70700 -0.16900 -0.52200 9
-2.85900 1.62700 -1.14000 0.76900 -0.94800 1.39000 -0.60800 0.95600 -0.20400 -0.72700 10
-3.62400 0.30500 -0.70800 1.75800 -0.19400 1.67500 -0.27300 0.56100 -0.57700 -0.84300 0
-3.06200 0.35100 -1.07100 1.06100 -0.35500 1.99000 -0.21000 0.79600 -0.35800 -0.29900 1
-2.08100 1.05000 -1.77800 0.41100 -0.51800 1.46000 -0.57600 0.73500 -0.86600 -0.17200 2
-2.28900 1.84500 -1.61600 0.98700 -0.87600 1.04400 -0.54900 0.19600 -0.07000 -0.81400 3
-2.72400 2.06700 -1.14200 0.92300 -1.15700 1.17000 -0.27600 0.17200 -0.00800 -0.64900 4
-3.01500 2.23200 -0.89900 0.57400 -1.33100 0.54600 0.61000 -0.45200 0.03500 -0.15600 5
-3.55900 2.12600 -0.44500 1.05300 -1.76500 0.34900 0.54600 0.32100 0.44300 -0.11800 6
-4.07400 2.28100 0.15200 1.55600 -1.61300 -0.04700 0.22200 0.25200 0.77500 0.12500 7
-3.61800 1.57600 -1.14000 0.69900 -0.74100 1.63300 -0.38700 1.08600 0.23500 -0.38800 8
-3.68700 1.78400 -1.59300 1.60300 0.12300 1.42400 -0.22500 0.44100 0.20600 -0.71400 9
-2.69000 1.65200 -1.26100 0.67400 -0.96400 1.44900 -0.59300 1.00500 -0.30300 -0.54100 10
-3.59300 0.29000 -0.78200 1.70700 -0.17500 1.66200 -0.13700 0.49300 -0.49200 -0.92600 0
-3.04600 0.38700 -1.16500 0.94000 -0.38600 1.97800 -0.18600 0.81100 -0.39400 -0.19800 1
-2.25500 0.90200 -1.72300 0.45400 -0.52400 1.45300 -0.61400 0.76100 -0.88500 -0.11800 2
-2.29900 1.84800 -1.69500 1.06500 -0.86100 1.04700 -0.60700 0.31300 -0.25300 -0.75900 3
-2.91100 1.92800 -1.13100 0.89900 -0.91100 1.11100 -0.20800 -0.04700 -0.02900 -0.53900 4
-3.08900 2.33900 -0.97300 0.46300 -1.16900 0.54300 0.59800 -0.45000 -0.08000 -0.03900 5
-3.45900 2.08600 -0.59500 0.93700 -1.84100 0.60000 0.45700 0.40000 0.47300 -0.21100 6
-4.20800 2.44700 0.04900 1.33100 -2.08800 0.58500 -0.05000 0.82000 0.60600 -0.30200 7
-3.54300 1.39100 -1.22000 0.69900 -0.76900 1.57900 -0.37900 1.15800 0.18100 -0.17800 8
-3.68400 1.77400 -1.72800 1.61100 0.10000 1.39300 -0.19300 0.55400 0.24500 -0.91900 9
-2.59600 1.56000 -1.24900 0.65600 -1.09500 1.29200 -0.55000 1.00600 -0.15000 -0.55300 10
-3.60400 0.23500 -0.83600 1.78600 -0.15300 1.64200 -0.09600 0.48800 -0.52400 -1.00300 0
-3.17100 0.49000 -1.12800 0.91100 -0.38800 2.01400 -0.21200 0.70700 -0.55100 -0.18700 1
-2.30200 0.85000 -1.64600 0.45500 -0.48800 1.49100 -0.61700 0.81900 -0.88700 -0.08000 2
-2.36800 1.72700 -1.55600 1.16200 -0.81900 0.94100 -0.57200 0.34500 -0.27900 -0.73600 3
-3.14100 1.87300 -1.13100 0.94100 -0.75900 1.22400 -0.35400 0.01600 -0.21800 -0.56800 4
-3.06500 2.37200 -1.00200 0.49600 -1.29500 0.86000 0.32700 -0.40400 0.06700 -0.15500 5
-3.47300 2.17800 -0.82000 0.70600 -1.71000 0.77900 0.42200 0.35100 0.42600 -0.26700 6
-4.23800 2.43700 0.03600 1.15800 -2.12700 0.55400 0.12000 0.82300 0.56500 -0.29300 7
-3.54600 1.25800 -1.22700 0.82300 -0.70200 1.73400 -0.39700 1.33300 -0.27700 0.01300 8
-3.86900 1.86000 -1.64600 1.61200 0.04400 1.53100 -0.49300 0.86200 -0.10600 -1.00100 9
-2.66600 1.51600 -1.19800 0.74100 -1.06600 1.24000 -0.57400 0.96500 -0.13000 -0.71100 10
-4.10200 0.20900 0.41400 0.42300 0.98500 1.43400 0.66300 0.03600 -0.78400 -0.66800 0
-1.37200 -0.03000 -1.00300 -0.38800 -0.47100 1.14100 0.65400 0.82300 0.55800 0.04300 1
-1.81600 0.45800 -0.94700 -0.34100 0.08500 0.75000 0.14400 0.46200 -0.24000 -0.26600 2
-1.95400 1.59500 -1.59300 0.37000 -0.13600 0.02200 0.03400 0.32100 -0.19000 -0.49100 3
-2.65400 2.39000 -0.00800 0.07000 -1.06300 0.30400 -0.10500 0.28100 0.48800 -0.38200 4
-2.32100 1.30300 0.32000 -0.08500 -0.27800 0.00100 -0.09400 -0.28300 0.85200 0.02200 5
-3.14100 3.31400 -0.99600 -0.39400 -0.19000 -0.31200 0.13700 0.63100 0.54700 -0.24700 6
-3.94100 3.35300 0.48600 -0.50600 -1.12000 0.10100 0.29700 0.71100 -0.07800 0.64800 7
-4.16100 2.93700 0.15700 0.33600 -0.96800 0.64100 0.08800 0.23700 0.56500 0.82300 8
-4.52000 2.23100 -0.08800 0.51300 -0.52800 1.24600 0.19800 0.24200 0.16100 0.76900 9
-3.08800 1.38900 0.04800 -0.21600 -0.32900 0.91000 0.04500 -0.07500 0.10100 -0.13400 10
-4.27500 0.16200 0.72800 0.66200 0.94000 1.26900 0.71100 0.07300 -0.82700 -0.65500 0
-1.65700 0.05600 -1.04400 -0.32000 -0.31600 1.32100 0.63800 0.80000 0.29800 -0.15900 1
-1.70900 0.48600 -0.95300 -0.34600 0.02000 0.78600 0.14500 0.56400 -0.22900 -0.32200 2
-1.95200 1.46900 -1.37500 0.10500 -0.15400 0.17000 -0.04700 0.33600 -0.09800 -0.41000 3
-2.67000 2.69600 -0.23100 -0.02800 -1.01400 0.48600 -0.13700 0.44800 0.28500 -0.48200 4
-2.44100 1.41500 0.38600 -0.33500 -0.18700 -0.07900 -0.00000 -0.17500 0.79200 -0.02600 5
-3.14600 3.07600 -0.68300 -0.03200 -0.69300 -0.06000 -0.26700 0.47600 0.98200 -0.35200 6
-3.90200 3.58600 0.33400 -0.66900 -1.08700 0.25500 0.46100 0.81200 -0.18500 0.53500 7
-4.26700 3.01000 0.17200 0.02800 -0.82700 0.53200 0.09900 0.32600 0.34000 0.69600 8
-4.65000 2.45500 0.01300 0.68100 -0.80000 1.43400 0.12600 0.03600 0.38200 0.27800 9
-3.03000 1.18500 0.31400 -0.12100 -0.59100 0.96500 0.35300 -0.13700 -0.22100 0.07500 10
-4.47300 0.37300 0.85800 0.91900 0.77800 1.27200 0.65300 -0.21600 -0.89100 -0.62700 0
-1.85600 0.06300 -1.01100 -0.23800 -0.15200 1.46100 0.57200 0.77500 0.15400 -0.31000 1
-1.97600 0.38900 -0.94700 -0.25000 -0.06500 0.94900 0.12700 0.47800 -0.32300 -0.34500 2
-1.91400 1.47300 -1.34200 -0.01300 -0.21300 0.25300 0.00500 0.22900 -0.00900 -0.44500 3
-2.70000 2.83000 -0.38900 0.03200 -0.95800 0.44000 -0.16800 0.51900 0.16900 -0.52500 4
-2.55400 1.11700 0.42000 -0.02200 -0.64500 0.02000 0.14500 -0.32700 0.66000 0.07300 5
-3.05400 3.10400 -0.51300 -0.08500 -0.95200 0.29900 -0.26900 0.45900 0.89200 -0.30800 6
-3.84000 3.74500 0.12100 -0.65600 -1.06600 0.32900 0.73400 0.87500 -0.29500 0.41800 7
-4.32300 2.85300 0.38500 0.20900 -1.09600 0.43100 0.11900 0.26800 0.13100 0.65400 8
-4.67600 2.53700 0.07500 0.73000 -0.93300 1.49300 0.04900 0.07600 0.25400 0.27600 9
-2.92200 1.51600 -0.00200 -0.35300 -0.46400 1.18400 0.38300 -0.17500 -0.34600 -0.03300 10
-4.47700 0.24600 1.08700 1.10800 0.68200 1.05700 0.42400 -0.26400 -1.19500 -0.52000 0
-1.89500 -0.01200 -0.97000 -0.15200 -0.16100 1.50900 0.48700 0.80900 0.04400 -0.26400 1
-1.94500 0.35200 -1.05300 -0.22800 -0.12000 0.92700 0.08800 0.50900 -0.27900 -0.24600 2
-1.91200 1.55400 -1.45500 -0.01700 -0.11800 0.27000 -0.03700 0.16300 -0.02700 -0.47400 3
-2.72400 2.99800 -0.56000 -0.07700 -0.94400 0.54800 -0.08000 0.40000 0.14400 -0.63000 4
-2.38500 1.24100 0.27200 -0.04000 -0.69200 0.16000 -0.06100 -0.18900 0.74400 0.08800 5
-3.09200 3.01400 -0.30700 -0.01600 -0.95600 0.19500 -0.22700 0.36700 0.95800 -0.09200 6
-3.91700 3.49600 0.40900 -0.53100 -1.15000 0.01700 0.60500 0.97700 -0.32800 0.44700 7
-4.23200 3.03500 0.42800 0.49700 -1.37400 0.54900 0.13300 0.23200 0.12900 0.48700 8
-4.75900 2.69600 0.10400 0.69700 -0.78700 1.11400 0.20500 -0.06600 0.36900 0.30600 9
-2.94500 1.72400 -0.31200 -0.23900 -0.44700 1.36000 0.01400 -0.10200 0.02100 -0.56400 10
-4.31400 -0.10600 1.04400 1.19200 0.68700 0.76300 0.15800 -0.19300 -1.34200 -0.44700 0
-2.05000 0.06500 -0.93800 -0.03700 0.08200 1.56100 0.39300 0.83500 -0.02900 -0.39400 1
-1.80400 0.43100 -1.00000 -0.42700 -0.09400 0.84800 0.08400 0.63600 -0.27500 -0.21400 2
-1.97800 1.54200 -1.48700 -0.09600 -0.02500 0.32000 -0.06300 0.09700 -0.07300 -0.38100 3
-2.74800 3.21700 -0.97600 -0.21300 -0.79200 0.77100 -0.03200 0.22300 0.04300 -0.82500 4
-2.35100 1.53000 0.08600 -0.07500 -0.42600 0.12500 -0.19700 0.03300 0.84800 -0.03800 5
-3.10500 2.91600 -0.20700 0.03100 -0.89700 0.02100 -0.22900 0.25600 1.07300 -0.06500 6
-3.98500 3.61400 0.58400 -0.42000 -1.10500 -0.17400 0.34800 0.88500 -0.16500 0.65000 7
-4.16000 3.32900 0.27500 0.39400 -1.28700 0.69300 0.48300 0.12100 0.28600 0.15300 8
-4.88000 3.06400 0.06000 0.43400 -0.57500 0.89700 0.25000 0.08500 0.09300 0.44500 9
-3.08200 1.63300 -0.11800 -0.14700 -0.48400 1.17600 -0.08600 -0.07200 0.08600 -0.56400 10
-4.15800 -0.34200 0.90000 1.09000 0.56000 0.95500 0.39500 -0.32800 -1.52000 -0.49800 0
-2.44100 0.19100 -0.81400 0.25500 0.41100 1.63600 0.39500 0.76100 -0.00500 -0.56400 1
-1.67200 0.32800 -0.83300 -0.57700 -0.36300 0.84000 0.18000 0.68200 -0.12400 -0.10900 2
-2.05100 1.50800 -1.64100 -0.05800 -0.10200 0.34600 -0.02100 0.10900 -0.14700 -0.29800 3
-2.78800 3.19400 -1.14200 -0.31300 -0.58000 0.35700 0.28100 0.08200 0.10900 -0.85800 4
-2.48900 1.77300 -0.18000 -0.15200 -0.35300 0.13300 -0.18600 0.20700 0.78800 -0.28500 5
-3.06500 3.13900 -0.46100 -0.22100 -0.75900 -0.04500 0.06800 0.27400 0.99900 -0.33100 6
-3.96300 3.93800 0.46600 -0.56400 -1.04200 -0.06400 0.24100 0.88800 -0.03200 0.79800 7
-4.13600 3.58200 -0.40700 -0.03800 -0.68700 1.03100 0.49100 0.15700 0.30500 0.02800 8
-4.94400 3.32500 0.01500 0.07900 -0.59300 1.04700 0.33700 0.29600 -0.45300 0.37100 9
-3.05800 1.67800 -0.35100 -0.25500 0.03800 0.69200 -0.17300 0.22600 0.20200 -0.59300 10
-1.20200 -0.25300 -2.48700 0.80900 -0.36700 2.16900 0.32000 1.03400 -1.38500 -0.70600 0
-1.07700 0.51100 -2.00600 0.30500 -0.58400 1.96200 0.08900 1.40600 -0.66900 -0.02700 1
-1.76800 0.78600 -1.46800 1.07700 -0.34700 1.70400 -0.17100 1.07600 -0.69100 -0.06000 2
-1.73700 1.78900 -1.04600 1.07100 -0.77500 1.04100 -0.02500 0.92500 -0.45200 0.00700 3
-2.43200 2.12600 -0.21800 1.42200 -1.16900 0.41000 -0.39300 1.32600 -0.06700 0.22500 4
-2.12500 1.95200 -0.41500 1.45800 -0.98500 0.52000 -0.34400 1.24900 -0.37000 0.14500 5
-2.60700 2.40600 -0.08800 1.58600 -1.47700 0.16400 -0.52700 1.55100 0.03300 0.52200 6
-3.81300 3.70500 -0.15700 1.56100 -1.50300 -0.36600 -0.58100 1.41200 0.29000 -0.09900 7
-3.05000 1.60000 -0.68600 1.54300 -1.14900 -0.04300 0.29700 0.72700 0.59800 0.45800 8
-3.97200 2.27900 -0.62000 0.95400 -1.09000 0.71900 0.71700 0.30000 1.30900 0.17100 9
-2.97900 1.79500 -0.87000 1.42700 -0.93000 1.32300 -0.21200 1.28600 -0.13500 -0.49600 10
-1.29800 -0.29500 -2.43300 0.95500 -0.27800 2.25200 0.28500 0.91500 -1.56900 -0.56200 0
-1.01200 0.51600 -2.04100 0.32000 -0.63400 1.96900 0.04100 1.41400 -0.68700 0.04700 1
-1.50100 0.84700 -1.61900 0.92000 -0.48800 1.61600 -0.16100 1.12700 -0.61300 -0.05100 2
-1.67400 1.71100 -1.04000 1.13600 -0.86900 1.03600 -0.15700 0.94600 -0.36100 0.02000 3
-2.30800 2.02300 -0.20300 1.49300 -1.22300 0.37900 -0.48100 1.40300 -0.04500 0.40200 4
-2.15500 2.02700 -0.39300 1.35400 -1.04500 0.64600 -0.24600 1.27900 -0.39600 0.17700 5
-2.65200 2.15600 -0.05300 1.69400 -1.25800 0.06200 -0.61000 1.39700 0.13300 0.60200 6
-3.83400 3.74900 -0.18300 1.51800 -1.58500 -0.28100 -0.33400 1.19100 0.42500 -0.10400 7
-3.33000 1.52900 -0.55200 2.02300 -0.84500 0.01600 0.04900 0.51200 0.39600 0.38600 8
-4.17000 2.23200 -0.38900 1.21100 -1.01100 0.57000 0.54300 0.21800 1.20600 0.04400 9
-2.86700 1.39100 -0.81700 1.59500 -0.88300 1.14300 -0.42700 1.15900 0.17000 -0.45600 10
-1.39300 -0.30500 -2.29000 1.10000 -0.25400 2.32700 0.36300 0.79500 -1.52100 -0.75600 0
-0.94100 0.53900 -2.02000 0.31400 -0.67900 1.89700 0.02800 1.50400 -0.63200 0.11100 1
-1.33200 0.84800 -1.66500 0.97000 -0.46300 1.52200 -0.15900 1.10100 -0.54100 -0.05000 2
-1.57000 1.65500 -1.04000 1.16000 -0.92300 0.96100 -0.23100 0.95500 -0.27300 0.06500 3
-2.22700 1.99300 -0.15600 1.55400 -1.19000 0.33200 -0.54800 1.36200 -0.01300 0.36900 4
-2.04300 1.95000 -0.43500 1.34100 -1.04900 0.55800 -0.23700 1.23700 -0.28300 0.30600 5
-2.67900 1.73100 -0.09000 2.00300 -1.00900 0.03800 -0.82200 1.23200 0.12800 0.72000 6
-3.83600 3.69900 -0.22500 1.52000 -1.72900 -0.18400 0.06400 0.97000 0.50000 -0.13000 7
-3.47800 1.70300 -0.55700 2.19100 -1.04300 0.33900 -0.00400 0.58700 0.45000 0.00600 8
-4.33300 2.43800 -0.21900 1.37200 -0.76100 0.30600 0.59400 -0.02200 1.10300 0.19000 9
-2.70400 1.28500 -0.90800 1.57000 -0.84000 1.04400 -0.39900 0.95100 0.34500 -0.69500 10
-1.41700 -0.31900 -2.25400 1.07200 -0.22100 2.26800 0.43000 0.92300 -1.48600 -0.69800 0
-0.96100 0.51400 -1.95100 0.36400 -0.68000 1.89500 0.04700 1.53900 -0.63000 0.09400 1
-1.22000 0.83100 -1.67400 0.94000 -0.42500 1.46300 -0.06300 1.13500 -0.42200 0.06000 2
-1.50100 1.61100 -1.00300 1.15600 -0.88300 0.90100 -0.16900 0.86200 -0.15100 0.16400 3
-2.17600 1.95200 -0.14400 1.65900 -1.12800 0.28000 -0.65800 1.34600 0.00800 0.50500 4
-1.89100 1.77600 -0.51800 1.46100 -1.05000 0.56700 -0.30700 1.15200 -0.23900 0.32500 5
-2.62400 1.65300 -0.15600 2.02300 -1.05200 0.08600 -0.75200 1.34100 0.19600 0.71000 6
-3.76300 3.25200 -0.26200 1.52000 -1.68400 -0.22500 0.23500 0.98900 0.61600 0.04600 7
-3.54900 1.90500 -0.50900 1.96300 -1.20000 0.84700 -0.15700 0.84200 0.62500 -0.58600 8
-4.37300 2.46300 -0.17100 1.50100 -0.63900 0.29200 0.51800 -0.11400 1.12700 0.33200 9
-2.56200 1.36100 -0.94000 1.33300 -1.04700 1.20800 -0.31600 1.05500 0.35400 -0.77000 10
-1.38400 -0.32100 -2.26600 0.93700 -0.28900 2.29000 0.46300 1.09600 -1.43600 -0.70100 0
-1.12300 0.41500 -1.95400 0.56300 -0.46500 1.98300 0.02700 1.61400 -0.56800 0.00700 1
-1.28000 0.79800 -1.64700 0.96800 -0.41800 1.60900 -0.03100 1.22400 -0.37400 0.04400 2
-1.47500 1.55700 -1.00900 1.20200 -0.84600 0.88300 -0.13800 0.82200 -0.16500 0.19800 3
-2.20500 1.80400 -0.19900 1.77300 -1.08900 0.31200 -0.62100 1.24700 0.13700 0.40600 4
-1.82400 1.68200 -0.66900 1.48300 -1.03600 0.71100 -0.24900 1.19300 -0.27400 0.22400 5
-2.57400 1.81400 -0.16700 1.82600 -1.15600 0.12000 -0.60900 1.54300 0.11000 0.75000 6
-3.69300 3.06700 -0.27300 1.61900 -1.90500 0.04500 0.00600 1.34700 0.34600 0.36000 7
-3.54500 1.92600 -0.51200 1.73200 -1.10900 1.00600 0.02100 0.82000 0.73100 -0.63900 8
-4.38600 2.27100 -0.15700 1.53600 -0.61400 0.23000 0.57000 -0.11700 1.07400 0.39700 9
-2.53000 1.49200 -0.93600 1.21000 -1.15400 1.31600 -0.26700 1.14900 0.22600 -0.77000 10
-1.21500 -0.28800 -2.42300 0.83400 -0.37900 2.26600 0.50300 1.33700 -1.36000 -0.68200 0
-1.40000 0.31600 -1.89400 0.83000 -0.24200 2.03800 0.00300 1.66700 -0.51500 -0.08700 1
-1.49400 0.66300 -1.58000 1.19100 -0.25200 1.77700 -0.07200 1.18900 -0.40900 0.09000 2
-1.51200 1.49200 -1.05300 1.26200 -0.80900 0.94100 -0.12200 0.80700 -0.20600 0.14500 3
-2.27400 1.65300 -0.22600 1.85700 -0.97100 0.32700 -0.60500 1.12100 0.12100 0.29100 4
-1.80400 1.55600 -0.80300 1.38800 -0.98900 0.75100 -0.02900 0.96300 -0.22800 0.29700 5
-2.44700 1.91400 -0.20800 1.64100 -1.15900 0.10400 -0.53900 1.58000 0.05800 0.78600 6
-3.67500 3.13200 -0.24100 1.58700 -1.75000 -0.22200 0.03900 1.05200 0.54500 0.23300 7
-3.42500 1.72400 -0.63800 1.57300 -1.04100 1.20400 -0.12400 1.25800 0.54800 -0.50700 8
-4.37600 2.21600 -0.26900 1.32000 -0.66000 0.15900 0.71900 0.00800 1.05800 0.47200 9
-2.52000 1.52000 -0.95900 1.29600 -1.10300 1.14900 -0.26800 1.24900 0.09200 -0.68200 10
-1.54800 -0.40000 -1.65900 0.24400 -0.10100 1.56200 0.55100 1.24800 0.12900 -0.45600 0
-1.61400 0.28700 -1.19500 -0.25200 -0.25700 1.25100 0.28100 0.89800 0.18800 -0.42300 1
-1.89100 0.98800 -1.06000 0.11900 0.59000 0.26300 0.37200 0.39000 -0.37600 -0.65500 2
-2.03000 1.76400 -0.38600 -0.24900 0.18000 0.11700 0.09600 -0.12100 0.06700 -0.55200 3
-2.55000 2.62900 0.08400 -0.15900 -0.88200 0.09300 -0.19000 0.96100 0.03200 -0.58900 4
-2.46400 1.96800 0.02600 0.07800 -0.54200 0.07400 0.05100 0.59600 0.26000 -0.43700 5
-3.19300 2.02600 0.83000 0.81300 -1.20500 0.03600 -0.95000 0.78600 1.04500 0.21000 6
-3.56600 1.50400 0.94000 1.82900 -1.22400 0.17800 -1.45400 0.92000 0.76700 1.05900 7
-3.29900 1.73000 0.18700 0.12100 -1.25100 0.79600 -0.36600 1.09100 0.49300 0.43600 8
-3.60100 0.74200 -0.23800 0.33200 -0.56100 1.27500 -0.01400 0.84400 0.55800 0.65900 9
-2.43900 0.78900 0.08200 0.24200 -0.69300 0.59500 -0.35300 0.70200 0.41300 0.09800 10
-1.50700 -0.45700 -1.72800 0.25600 -0.08100 1.57100 0.55600 1.29100 0.12100 -0.45600 0
-1.42500 0.25600 -1.13000 -0.28400 -0.39400 1.25300 0.30600 0.89300 0.27200 -0.37800 1
-1.81400 0.92300 -0.93100 0.12000 0.42500 0.55400 0.23700 0.42600 -0.18400 -0.72700 2
-2.00700 1.81400 -0.58100 -0.02700 0.12700 0.08100 0.08900 -0.01600 0.11500 -0.71900 3
-2.55900 2.30000 0.40800 -0.00100 -1.07700 0.12500 -0.25400 0.97500 0.07000 -0.47000 4
-2.43100 1.87300 0.20800 0.12300 -0.63400 0.17800 0.04000 0.61200 0.44600 -0.56200 5
-3.24000 1.74900 0.95900 1.07100 -1.18800 0.01800 -1.02400 0.66400 1.00700 0.44300 6
-3.56500 1.36300 0.95800 1.97600 -1.26800 0.09100 -1.36300 0.72000 0.73800 1.14500 7
-3.19800 1.37300 0.39200 0.42300 -1.20300 0.65600 -0.42800 0.99400 0.57600 0.86500 8
-3.77200 0.90400 -0.19500 0.31700 -0.47300 1.31000 -0.04300 0.89800 0.53600 0.50300 9
-2.43400 0.87000 0.12700 0.22400 -0.81100 0.66600 -0.23300 0.70500 0.40800 0.13600 10
-1.65600 -0.49600 -1.71900 0.36300 -0.00200 1.63700 0.53500 1.31900 -0.01200 -0.49000 0
-1.38800 0.21500 -1.10500 -0.29500 -0.39000 1.28200 0.35600 0.81600 0.29200 -0.37600 1
-1.76400 0.88800 -1.00100 0.19700 0.30000 0.66000 0.15900 0.55700 -0.30100 -0.65000 2
-2.02600 1.75000 -0.52600 -0.13100 0.26600 -0.05500 0.08400 0.06300 0.04700 -0.69100 3
-2.53100 1.80200 0.73900 0.23600 -1.16900 -0.06900 -0.34900 0.90300 0.12300 -0.11900 4
-2.37500 1.64200 0.30800 0.25500 -0.82000 0.22500 -0.09200 0.87400 0.36700 -0.52500 5
-3.17900 1.34600 0.98800 1.32000 -0.85200 -0.00800 -1.23400 0.34700 1.02000 0.77100 6
-3.57000 1.36600 0.97000 1.95700 -1.26200 0.00200 -1.27500 0.58500 0.75400 0.99300 7
-3.16900 1.04100 0.50900 0.69300 -1.18500 0.67300 -0.35200 0.87700 0.43400 1.00900 8
-4.06600 1.05000 -0.04900 0.45800 -0.35700 1.33100 -0.12900 0.84800 0.50900 0.31700 9
-2.48300 0.81000 0.18500 0.28400 -0.91700 0.73000 -0.11100 0.61300 0.37300 0.18400 10
-1.82300 -0.57800 -1.62400 0.52000 0.05200 1.71100 0.53500 1.31800 -0.11500 -0.50500 0
-1.45000 0.19900 -1.12700 -0.28100 -0.37200 1.28700 0.36900 0.85500 0.30300 -0.38500 1
-1.79000 0.79300 -1.04100 0.21400 0.21500 0.69400 0.12100 0.58300 -0.40300 -0.48700 2
-2.08900 1.69500 -0.52800 -0.23200 0.38500 -0.13700 0.03300 0.07100 0.03300 -0.74400 3
-2.47500 1.49800 0.86400 0.39700 -1.17000 -0.23400 -0.38800 0.82500 0.16000 0.05700 4
-2.31400 1.49400 0.29400 0.24500 -0.76900 0.05000 -0.06800 0.81900 0.61800 -0.57200 5
-3.06200 1.00800 0.93500 1.44300 -0.57900 0.06800 -1.33300 0.10600 0.95800 0.97900 6
-3.57600 1.35700 0.91200 1.87800 -1.16600 0.03900 -1.53700 0.65800 0.84300 1.08700 7
-3.15500 1.02100 0.45500 0.62400 -1.30600 0.84200 -0.12300 0.90900 0.32800 0.87600 8
-4.31600 1.14700 0.08800 0.59300 -0.31400 1.31600 -0.25500 0.76100 0.49200 0.13300 9
-2.60800 0.83900 0.20300 0.30500 -0.85100 0.78000 -0.14300 0.60700 0.34400 0.10600 10
-1.95300 -0.59600 -1.54300 0.61900 0.05600 1.74200 0.59200 1.28900 -0.16300 -0.52300 0
-1.49500 0.11700 -1.13400 -0.24900 -0.37000 1.28600 0.34800 0.85400 0.31300 -0.37600 1
-1.92100 0.71900 -0.95000 0.29900 0.22200 0.78600 0.12800 0.58800 -0.46200 -0.49100 2
-2.05200 1.48300 -0.48800 0.04100 -0.13100 0.27300 -0.11200 -0.06400 0.30700 -0.80000 3
-2.50700 1.52800 0.85200 0.33100 -1.23100 -0.25900 -0.26500 0.85600 0.07000 0.06900 4
-2.29100 1.14600 0.35200 0.35400 -0.71400 0.08000 -0.18100 0.78700 0.70900 -0.40900 5
-2.93300 0.71700 0.82900 1.50800 -0.51700 0.06900 -1.16300 0.02100 0.86600 1.06600 6
-3.53000 1.26800 0.90300 1.88700 -1.27900 0.00800 -1.44100 0.65700 0.87300 1.04200 7
-3.14500 0.86300 0.41600 0.69900 -1.37800 0.89200 0.02000 0.89000 0.22100 0.83400 8
-4.39400 1.16200 0.15700 0.60800 -0.40900 1.35200 -0.24300 0.75800 0.44700 0.09600 9
-2.70400 0.91700 0.26700 0.31400 -0.75600 0.81800 -0.11400 0.67300 0.26100 0.05600 10
-2.05800 -0.61000 -1.49700 0.69600 0.07200 1.80200 0.62600 1.30300 -0.19200 -0.53800 0
-1.53700 0.04300 -1.12500 -0.21300 -0.37800 1.26500 0.33000 0.87000 0.29300 -0.39300 1
-1.93300 0.72800 -1.01500 0.27000 0.19900 0.78000 0.19200 0.70600 -0.44600 -0.59500 2
-2.07600 1.41300 -0.58400 0.19000 -0.35000 0.51800 -0.40600 0.31300 0.02700 -0.72400 3
-2.55400 1.53200 0.81200 0.36700 -1.20800 -0.35200 -0.25200 0.89400 0.05000 0.08400 4
-2.34300 0.78800 0.37300 0.49200 -0.66700 0.27900 -0.24000 0.82700 0.58900 -0.26700 5
-2.83400 0.65400 0.73300 1.43400 -0.71600 -0.02800 -0.84100 0.23900 0.92000 0.88500 6
-3.48200 1.12700 0.89900 1.99300 -1.38500 -0.05000 -1.27300 0.64700 0.84400 1.04400 7
-3.24600 0.71200 0.39000 0.82000 -1.35200 1.07400 0.19700 0.85700 -0.05600 0.48500 8
-4.52100 1.43000 0.16200 0.58000 -0.35100 1.33900 -0.25900 0.81000 0.43100 -0.10200 9
-2.80400 1.02100 0.25400 0.33100 -0.65400 0.85400 -0.08500 0.67800 0.25900 -0.03100 10
-3.03400 -1.27400 0.26300 1.52100 0.66000 1.62200 -0.36100 -0.46800 -0.74000 0.51700 0
-3.11800 0.35600 0.37700 1.44700 0.86800 0.40700 -0.91500 -0.54600 -0.63700 0.16900 1
-2.61100 0.43400 0.23100 1.34300 0.32300 -0.37800 -0.61800 -0.21900 -0.28500 0.34700 2
-1.56600 0.93000 -0.18100 -0.15500 -0.16400 -0.27700 0.14400 -0.04700 -0.69400 0.28200 3
-2.75800 2.06700 -0.31000 -0.54300 -0.68700 0.09100 0.88100 0.17200 -0.45400 -0.09300 4
-2.49700 1.60700 -0.62100 -0.44600 -0.22600 -0.15200 1.16000 0.12200 -0.80900 0.49500 5
-3.53300 2.31900 1.08500 0.24700 -1.05300 -0.42900 -0.02600 1.30500 -0.24300 -0.67100 6
-3.89300 3.69000 0.07900 -0.15100 -1.09300 -0.51800 0.19800 1.58300 -0.25700 -0.16900 7
-4.07900 2.66300 -0.04800 -0.31500 0.23400 0.86100 0.33500 0.43500 -0.54600 -0.92800 8
-4.16000 2.81400 0.55700 0.60400 0.58400 0.47700 -0.27200 0.78400 -0.99900 -0.78100 9
-2.91000 0.91800 -0.13800 -0.38200 0.11500 0.29000 0.41800 0.75700 -0.89800 -0.18900 10
-3.16200 -1.13700 0.30000 1.44000 0.68800 1.64500 -0.44700 -0.51800 -0.52000 0.64100 0
-3.22400 0.48700 0.82200 1.32400 0.75300 0.35200 -0.97600 -0.56200 -0.48900 0.17200 1
-2.68100 0.53100 0.25200 1.23900 0.46900 -0.33900 -0.65200 -0.41700 -0.24600 0.41200 2
-1.57700 0.90700 -0.29100 0.00700 -0.25600 -0.23300 0.18700 -0.05200 -0.62700 0.23800 3
-2.86100 2.09100 -0.41100 -0.43800 -0.64300 0.31700 0.81700 0.10400 -0.48100 -0.25200 4
-2.44500 1.50300 -0.67700 -0.46000 -0.14000 -0.00200 1.01400 0.06100 -0.59900 0.17500 5
-3.40600 2.40300 1.02500 0.10800 -1.10000 -0.31600 0.09900 1.54100 -0.30400 -0.67100 6
-3.95800 3.92200 0.15000 -0.26500 -1.20100 -0.24900 0.20200 1.16300 -0.04900 -0.03900 7
-4.07100 2.75400 -0.23200 -0.26200 0.35600 0.69400 0.38100 0.50000 -0.72100 -0.85900 8
-4.18800 2.63700 0.50200 0.55200 0.73500 0.39500 -0.02600 0.80300 -0.87400 -0.91300 9
-2.92300 0.91900 -0.23100 -0.30700 0.07500 0.26500 0.40300 0.69100 -1.01200 -0.15700 10
-3.39000 -0.95600 0.47600 1.54700 0.65800 1.50400 -0.65000 -0.60400 -0.29500 0.61600 0
-3.12800 0.28000 0.95500 1.26400 0.75300 0.43700 -0.84100 -0.51700 -0.47300 0.00000 1
-2.68900 0.52800 0.15700 1.50100 0.34900 -0.41200 -0.49000 -0.51200 -0.27700 0.42200 2
-1.69300 0.80700 -0.03800 -0.05100 -0.17400 -0.37200 0.11700 0.05300 -0.61100 0.30000 3
-2.92700 2.20200 -0.53200 -0.48600 -0.51900 0.58500 0.81300 -0.13300 -0.47500 -0.34900 4
-2.55500 1.42100 -0.80000 -0.23300 -0.07800 0.24400 0.77100 -0.11200 -0.70700 0.16500 5
-3.43900 2.71100 1.06700 0.02900 -1.12000 -0.21200 0.06200 1.44000 -0.35300 -0.42000 6
-4.06700 3.90800 -0.06500 -0.37800 -1.16300 0.06500 0.50800 1.00300 0.03000 -0.18700 7
-4.06800 2.56600 -0.06800 -0.15200 0.12600 0.54800 0.45300 0.57700 -0.54300 -0.89600 8
-4.31400 2.32200 0.58000 0.27900 0.70200 0.53200 -0.06800 0.81400 -0.91700 -1.10900 9
-3.02000 1.03300 -0.23800 -0.28600 0.08800 0.23500 0.37200 0.56300 -1.02700 -0.15100 10
-3.48500 -0.86000 0.58200 1.50100 0.57800 1.48000 -0.66300 -0.60200 -0.31800 0.57500 0
-3.04900 0.08400 0.98100 1.19300 0.76100 0.49500 -0.71400 -0.46600 -0.56800 -0.14900 1
-2.83700 0.52800 0.24100 1.62900 0.23000 -0.54500 -0.64300 -0.23100 -0.18600 0.45000 2
-1.61100 0.83100 -0.05600 -0.04800 -0.04400 -0.42300 0.28900 -0.09200 -0.63300 0.22100 3
-2.93900 2.15700 -0.45100 -0.20900 -0.88000 0.69700 0.82300 -0.03500 -0.74400 -0.19300 4
-2.84200 1.34300 -0.71300 0.00300 0.12600 0.41100 0.53800 -0.07700 -0.99500 0.09200 5
-3.58700 3.12800 0.88500 -0.18800 -1.16400 -0.21500 0.05100 1.34400 -0.64100 -0.25300 6
-4.22200 3.88600 0.01600 -0.14400 -1.13200 -0.05300 0.51900 1.02400 0.07500 -0.22600 7
-4.08700 2.55500 0.12300 -0.15100 0.11800 0.47400 0.36500 0.49500 -0.47300 -0.88600 8
-4.44200 2.60700 0.59600 0.19100 0.63600 0.67900 -0.14000 0.77400 -0.82800 -1.12200 9
-2.97600 1.03300 -0.22200 -0.09900 0.08100 0.05200 0.47900 0.51700 -1.10500 -0.12500 10
-3.68900 -0.59900 0.69200 1.30700 0.60500 1.51400 -0.75200 -0.69700 -0.35500 0.70200 0
-3.27800 0.32400 1.04700 1.15200 0.72500 0.16800 -0.83900 -0.38100 -0.68700 0.01300 1
-3.24900 1.04200 0.58900 1.40800 0.02300 -0.82100 -0.58100 0.03100 0.06800 0.32500 2
-1.59600 0.88500 -0.19900 0.19900 -0.11500 -0.47400 0.42800 -0.11300 -0.61000 0.13100 3
-2.98600 2.07200 -0.31100 -0.08300 -0.87800 0.44900 0.91600 0.08200 -0.90500 -0.10900 4
-3.00300 1.16300 -0.45000 0.32800 0.09700 0.57400 0.42700 -0.01700 -1.14600 -0.06000 5
-3.68200 3.67200 0.04100 -0.50800 -0.90500 0.02800 0.49200 0.65400 -0.72200 -0.31800 6
-4.21000 3.86900 0.16400 -0.04700 -1.25100 -0.10200 0.27600 0.91900 0.09100 -0.15900 7
-4.12900 2.68600 0.30800 -0.12500 0.11700 0.39300 0.19900 0.30800 -0.47800 -0.90900 8
-4.49700 3.01800 0.60900 0.11500 0.67300 0.70900 -0.03000 0.86100 -0.70400 -1.03800 9
-2.84600 1.01000 -0.21900 -0.08300 0.09100 0.07600 0.44200 0.50900 -1.18100 -0.02100 10
-3.69300 -0.56800 0.72700 1.23600 0.61200 1.50200 -0.80400 -0.76300 -0.34600 0.78800 0
-3.54300 0.62400 0.67400 1.41300 0.65300 -0.44500 -0.80300 -0.25600 -0.65000 0.42300 1
-3.29300 0.93000 0.52200 1.48000 0.24900 -0.66100 -0.64300 -0.09400 -0.13200 0.19800 2
-1.70800 0.94400 -0.14000 0.15100 -0.09200 -0.48100 0.22000 0.03400 -0.69200 0.19000 3
-2.94200 2.09100 -0.35300 -0.36400 -0.61000 0.40100 0.86400 0.19100 -0.76400 -0.23500 4
-3.25300 1.02500 -0.28600 0.71300 -0.03600 0.53900 0.47600 -0.11600 -0.94500 -0.10800 5
-3.66100 3.26600 -0.11700 -0.23700 -0.75500 0.09200 0.68600 0.38100 -0.58000 -0.68700 6
-4.21600 3.63800 0.19200 -0.02300 -1.23100 -0.32000 0.12800 1.03000 0.06100 -0.17900 7
-4.07700 2.54200 0.03900 0.08200 0.21800 0.39300 0.32400 0.39900 -0.65800 -0.96400 8
-4.54400 3.04600 1.02800 -0.01600 0.44700 0.88400 -0.09400 0.88500 -0.45900 -1.09900 9
-2.71100 0.97100 -0.02300 0.05300 0.10100 -0.14800 0.38200 0.47600 -1.05000 -0.25600 10
-3.32200 -0.30300 -0.50000 0.96300 0.92100 0.98100 1.05900 -1.07900 -1.00400 0.11200 0
-3.84400 1.05600 -0.19000 1.68500 0.61700 1.24500 -0.81100 -0.50600 -1.12800 0.07600 1
-2.66500 0.77200 -1.00900 1.30700 0.28700 0.85500 -0.46600 -0.19000 -0.72100 0.40700 2
-2.49300 1.38200 -0.92900 0.46500 -0.36900 0.00200 0.18700 -0.69600 -0.31000 0.34800 3
-2.90500 2.31100 -0.65800 0.02200 -1.12100 0.25000 0.46700 0.48400 -0.15700 -0.67600 4
-2.68500 1.97100 -0.85700 0.03300 -0.63800 0.48400 0.14300 0.15900 -0.21800 -0.34300 5
-3.38900 2.76200 -0.71000 -0.02600 -0.64100 0.11200 0.77500 0.44300 -0.11000 -0.97900 6
-4.24300 3.35400 -0.41500 0.89800 -1.02700 -0.28100 0.57600 0.48000 0.56400 -0.08500 7
-3.74100 2.70000 -1.59300 0.78200 -0.29800 1.37800 0.18400 1.45800 -0.13400 -1.29700 8
-4.69400 3.22900 -1.15300 0.70200 0.45200 0.29800 0.45400 0.00100 -0.26400 -1.39900 9
-3.01200 1.62800 -0.83400 0.97500 -0.29900 0.92600 0.17400 0.83600 -0.23900 -1.14400 10
-3.26800 -0.07900 -0.69300 0.76300 1.04300 1.19400 0.89200 -1.29300 -1.03300 0.19900 0
-3.61800 0.91600 -0.40000 1.77100 0.66600 1.53500 -0.38900 -0.34200 -1.27900 -0.10900 1
-2.69300 0.77100 -0.87000 1.34100 0.31700 0.92500 -0.32800 -0.16900 -0.93600 0.39900 2
-2.51500 1.34000 -0.84000 0.51100 -0.49200 0.09800 0.04700 -0.68000 -0.28300 0.16800 3
-2.88200 2.16500 -0.58900 0.17300 -1.16500 0.01400 0.57100 0.50200 -0.09300 -0.61600 4
-2.59100 1.80900 -0.65900 -0.01600 -0.67300 0.58800 0.08400 0.18200 -0.09400 -0.37200 5
-3.35400 2.85000 -0.88700 0.01000 -0.55100 0.29300 0.90100 0.32000 -0.30200 -1.02300 6
-4.22800 3.11100 -0.38000 1.16000 -1.18800 -0.36200 0.51600 0.50700 0.66900 -0.07400 7
-3.90100 2.48500 -0.95000 0.70200 -0.47000 1.14600 -0.10900 1.59700 0.14600 -1.19700 8
-4.70800 3.26900 -1.12100 0.70100 0.43700 0.17600 0.55200 0.00400 -0.16800 -1.48400 9
-3.00000 1.52400 -0.86600 1.01500 -0.40000 0.86100 0.17400 0.93800 -0.21600 -1.01000 10
-3.34700 -0.15900 -0.41400 0.92200 0.97300 0.97800 0.92900 -1.21100 -1.26800 0.27800 0
-3.51800 0.71600 -0.36500 1.78800 0.58400 1.67800 -0.10900 -0.01600 -1.50100 0.00200 1
-2.87500 0.86800 -0.72800 1.43900 0.35500 0.84600 -0.37800 -0.23300 -1.07200 0.50500 2
-2.61200 1.40300 -0.87000 0.47000 -0.44800 0.17200 -0.06000 -0.65600 -0.33400 0.08700 3
-2.85900 2.25500 -0.67600 0.09800 -1.08600 0.04100 0.73200 0.30500 -0.14100 -0.63600 4
-2.49700 1.69200 -0.60700 0.02000 -0.71000 0.61200 0.09300 0.27200 -0.06000 -0.50700 5
-3.23600 2.74500 -0.80600 -0.20000 -0.38600 0.35800 0.88900 0.51600 -0.29700 -1.07500 6
-4.18800 3.22900 -0.45600 1.07700 -1.38500 -0.10400 0.45900 0.55800 0.70100 -0.32000 7
-3.77500 2.18800 -1.01700 0.68700 -0.46400 1.18900 -0.15700 1.67300 -0.02400 -1.14400 8
-4.74400 3.38500 -0.88600 0.57100 0.23500 0.18300 0.35700 0.04000 0.20300 -1.68000 9
-3.04600 1.46200 -0.82300 0.93500 -0.44000 0.84900 0.08500 0.86500 -0.17800 -0.95400 10
-3.59400 -0.13700 -0.02800 1.01800 1.06900 0.72300 0.69500 -0.98200 -1.43300 0.24900 0
-3.42600 0.58400 -0.46900 1.77600 0.56600 1.68600 0.07000 0.08100 -1.48300 -0.14100 1
-3.08600 1.01000 -0.62700 1.50800 0.33800 0.74700 -0.47900 -0.32300 -1.08700 0.64500 2
-2.75000 1.47500 -0.84800 0.36400 -0.27500 0.02000 -0.00300 -0.78200 -0.29100 0.16700 3
-2.84600 2.43000 -0.78000 -0.15300 -0.90500 0.24000 0.74600 0.14000 -0.11400 -0.74600 4
-2.51100 1.51100 -0.55500 0.22600 -0.73500 0.63100 -0.00600 0.52000 -0.13800 -0.65100 5
-3.12400 2.73300 -0.85700 -0.33400 -0.31200 0.58700 0.84900 0.47500 -0.17400 -0.89900 6
-4.17500 3.32000 -0.44600 0.98800 -1.48000 0.13300 0.50700 0.60500 0.69100 -0.46200 7
-3.77700 2.06400 -0.98300 0.84600 -0.37300 0.96000 -0.04000 1.33100 0.24700 -1.09000 8
-4.78800 3.63200 -0.71000 0.30000 0.36600 -0.12100 0.40300 -0.01600 0.12400 -1.32000 9
-3.00600 1.40700 -0.87500 0.94500 -0.49500 0.72100 0.21200 0.75000 -0.03700 -1.05400 10
-3.78100 -0.01100 0.10200 1.11500 1.03600 0.65100 0.61500 -1.08200 -1.27200 0.05000 0
-3.39400 0.55700 -0.57300 1.70400 0.60800 1.64400 0.10900 0.20000 -1.50700 -0.22500 1
-3.09100 0.93500 -0.57400 1.36000 0.41600 0.76400 -0.48000 -0.14400 -1.29500 0.69600 2
-2.85000 1.44600 -0.79200 0.48200 -0.36500 0.04600 -0.02900 -0.76100 -0.25100 0.11300 3
-2.88400 2.42400 -0.76400 -0.10800 -1.01500 0.36100 0.71200 0.13300 -0.01700 -0.84700 4
-2.65600 1.26300 -0.52700 0.46400 -0.61200 0.66800 -0.16000 0.85700 -0.41600 -0.59600 5
-3.24600 2.79600 -0.86700 -0.20500 -0.31600 0.80800 0.82400 0.06200 -0.11800 -0.74900 6
-4.17200 3.18800 -0.37500 1.02800 -1.41000 0.00800 0.51300 0.63500 0.80200 -0.28000 7
-3.86200 1.80100 -0.71700 1.13300 -0.23000 0.92200 -0.22300 1.26400 0.19400 -0.93500 8
-4.83600 3.87100 -0.68400 0.18200 0.34900 -0.17600 0.31700 0.05900 -0.02400 -1.13000 9
-2.97300 1.30400 -0.84900 0.98400 -0.50800 0.59000 0.24800 0.72800 0.07300 -1.10700 10
-3.85800 0.11500 0.05000 1.17000 0.97500 0.70300 0.58500 -1.19100 -1.17200 -0.07600 0
-3.40400 0.50600 -0.59100 1.62700 0.66000 1.45600 0.06800 0.38100 -1.49400 -0.45300 1
-2.95200 0.77700 -0.74000 1.31100 0.42400 0.85300 -0.31900 -0.08200 -1.45600 0.61600 2
-3.00500 1.47200 -0.71600 0.53500 -0.39200 0.05400 -0.05400 -0.68600 -0.29000 0.15300 3
-2.89800 2.42100 -0.81000 -0.04300 -1.16400 0.44800 0.69000 0.21800 -0.07800 -0.87600 4
-2.90600 1.10200 -0.49100 0.57500 -0.38600 0.77100 -0.13400 0.97700 -0.54000 -0.60400 5
-3.46200 2.64800 -0.44700 -0.00000 -0.41600 0.76700 0.56900 -0.07200 -0.08000 -0.79800 6
-4.07600 3.33600 -0.68800 0.67700 -1.47200 0.46100 0.68200 0.72400 0.71700 -0.40900 7
-3.84600 1.42600 -0.60700 1.43400 -0.07200 1.13000 -0.53500 1.15900 -0.12300 -0.38500 8
-4.88500 3.96700 -0.94800 0.37300 0.25500 -0.12100 0.43000 -0.01300 0.01800 -1.51800 9
-2.98000 1.29000 -0.84200 0.95500 -0.49100 0.57200 0.26700 0.69200 0.08400 -1.10000 10
-3.20800 -0.60800 -0.51600 1.09800 1.52900 1.06900 0.18600 -0.94700 -0.24800 -0.05900 0
-2.56900 -0.11000 -0.84100 0.73200 1.11200 0.96100 -0.07500 0.14800 -0.89300 0.31400 1
-2.21000 0.66100 -0.58100 1.13900 0.23800 0.07400 -0.62500 -0.36600 -0.32600 0.55700 2
-1.88500 2.21400 -0.67300 0.14700 -0.14800 -0.40000 0.25200 -0.09800 -0.87400 0.24500 3
-2.48800 2.82200 -0.23900 -0.33000 -1.35500 0.28400 0.10100 0.93400 -0.96600 -0.31000 4
-2.33500 2.89600 -0.29500 -0.42000 -0.64500 0.35100 0.12000 0.44700 -1.12600 0.11000 5
-2.71500 2.32500 0.70100 0.23900 -1.42600 -0.21800 -0.31700 1.51600 -0.16200 -0.70300 6
-4.21000 3.28900 -0.10600 -1.24700 -0.68300 0.53900 0.57900 0.83200 -0.03500 -0.76400 7
-3.98400 2.29000 -0.10300 -0.70700 0.29700 0.31700 0.85700 1.40300 -1.25300 -0.29800 8
-4.96400 2.78000 0.47400 0.04700 0.41700 -0.32800 0.33400 0.47400 -1.26000 -0.22100 9
-2.52800 1.28800 -0.14400 -0.17100 -0.07700 0.26000 -0.04500 0.68100 -1.39900 -0.06600 10
-3.43100 -0.50000 -0.36200 1.17300 1.59000 0.95600 0.16200 -0.85300 -0.36400 0.08400 0
-2.65900 -0.10100 -0.68700 0.69700 1.08100 1.04500 -0.14900 0.18400 -0.92700 0.32700 1
-2.10300 0.65500 -0.84000 1.19500 0.37700 0.13500 -0.50400 -0.54900 -0.40400 0.60200 2
-1.92600 2.17200 -0.57100 0.25700 -0.15900 -0.49300 0.27000 -0.15300 -0.67300 -0.00500 3
-2.51200 2.82600 -0.17100 -0.38500 -1.49500 0.38100 0.06700 0.89900 -0.90200 -0.41200 4
-2.35300 2.89700 -0.43300 -0.19300 -0.71500 0.35900 0.26000 0.27300 -1.20600 0.36000 5
-2.70800 2.39600 0.72800 0.33600 -1.43700 -0.34400 -0.41100 1.46900 -0.02200 -0.71700 6
-4.34100 3.51400 -0.45300 -1.04700 -0.46900 0.51000 0.61800 0.80100 -0.39900 -0.77700 7
-4.04500 2.19300 0.20000 -0.74500 0.21500 0.38700 0.62500 1.47700 -1.20700 -0.27000 8
-5.02000 2.55100 0.56200 -0.13600 0.53100 -0.06400 0.37300 0.63100 -1.40700 -0.26700 9
-2.66500 1.63300 -0.38400 -0.11100 -0.00100 0.23400 0.03300 0.47800 -1.55800 0.21900 10
-3.58600 -0.38000 -0.35900 1.30700 1.58700 0.99000 0.18000 -0.83100 -0.47100 0.19800 0
-2.88900 -0.03900 -0.49400 0.71900 1.10400 1.00300 -0.41500 0.09700 -0.85500 0.35600 1
-2.28200 0.67300 -0.79800 1.28600 0.30800 0.01000 -0.41100 -0.61000 -0.26600 0.58400 2
-1.98500 2.16100 -0.60100 0.42400 -0.29500 -0.48900 0.20800 -0.21600 -0.56200 0.07900 3
-2.56300 2.82900 -0.28300 -0.36800 -1.59300 0.40800 0.12100 0.93300 -0.94600 -0.35600 4
-2.41500 2.51700 -0.28500 0.08500 -0.90200 0.28300 0.30200 0.24700 -1.20700 0.37100 5
-2.77600 2.56300 0.53200 0.27700 -1.47000 -0.36800 -0.27800 1.47900 -0.16400 -0.79700 6
-4.38400 3.72100 -0.90500 -0.96500 -0.16000 0.49800 0.80900 0.66000 -0.61300 -0.83100 7
-4.10700 2.17000 0.20600 -0.81100 0.33400 0.63300 0.40200 1.09700 -1.32700 -0.04000 8
-5.06900 2.11900 0.82600 -0.27400 0.57600 0.14500 0.30800 1.00100 -1.41200 -0.30600 9
-2.81200 1.95400 -0.66100 0.10900 -0.01100 0.11000 0.18700 0.09600 -1.53800 0.59200 10
-3.76000 -0.32000 -0.24000 1.27300 1.75100 1.12500 0.23000 -0.72300 -0.50100 0.31500 0
-3.15200 0.08600 -0.32500 0.86800 1.08400 0.75300 -0.52200 -0.00500 -0.82100 0.48300 1
-2.55800 0.75500 -0.66000 1.36600 0.03800 -0.01100 -0.44300 -0.53100 -0.06200 0.41800 2
-2.01000 2.16400 -0.62600 0.38900 -0.24000 -0.44100 0.10300 -0.27000 -0.64700 0.16500 3
-2.60100 2.73500 -0.32200 -0.25500 -1.67000 0.22900 0.20200 1.01000 -0.87100 -0.46100 4
-2.52100 2.27100 -0.27700 0.27000 -0.90900 0.27400 0.34800 -0.02800 -1.17700 0.43200 5
-2.92200 2.62100 0.21400 0.12200 -1.47700 -0.17300 0.04500 1.38000 -0.63500 -0.75700 6
-4.41700 3.76500 -1.22500 -0.85300 0.04100 0.53600 0.88500 0.53300 -0.75700 -0.78900 7
-4.07000 2.25400 -0.28000 -0.72200 0.69600 0.68300 0.24300 0.68900 -1.45000 0.19000 8
-5.08000 2.24100 0.97100 -0.37400 0.50100 0.22600 0.14400 0.85100 -1.31900 -0.30000 9
-2.93000 2.01400 -0.70000 0.20600 -0.08800 0.15300 0.14200 -0.03100 -1.43700 0.61500 10
-4.24700 -0.03400 0.24800 1.37200 1.83100 1.16700 0.08700 -0.51800 -0.31600 0.34700 0
-3.18300 0.15400 -0.41300 0.92300 1.09100 0.58200 -0.44700 -0.08500 -0.90400 0.69300 1
-2.51400 0.55800 -0.77700 1.29900 0.02700 0.24700 -0.48700 -0.65300 -0.02800 0.48100 2
-2.04100 2.11900 -0.58500 0.54900 -0.43000 -0.29100 -0.00200 -0.23400 -0.75100 0.25300 3
-2.64000 2.70400 -0.34500 -0.23000 -1.64900 0.06400 0.27500 0.95200 -0.65100 -0.57100 4
-2.72900 2.10400 -0.50500 0.13800 -0.53300 0.45500 0.14800 -0.40700 -1.05900 0.62500 5
-3.02500 2.71100 -0.14700 -0.03400 -1.34000 0.04900 0.36400 1.09900 -1.02000 -0.65200 6
-4.41500 3.73700 -1.31300 -0.81500 0.16800 0.59000 0.97500 0.42000 -0.82500 -0.74800 7
-4.03600 2.14100 -0.35500 -0.60200 0.83700 0.66300 -0.01300 0.50700 -1.41200 0.21000 8
-5.15800 2.48800 1.06400 -0.34300 0.35200 0.18000 -0.05000 0.81700 -1.30800 -0.24900 9
-2.90700 1.99200 -0.90400 0.20500 0.01100 0.34600 -0.03100 -0.14800 -1.26200 0.48700 10
-4.68700 0.40600 0.88900 1.46400 1.61800 1.02100 -0.12100 -0.39800 -0.30700 0.29300 0
-3.09600 0.10300 -0.45200 0.87900 1.06700 0.49700 -0.29600 -0.06700 -0.97300 0.71100 1
-2.45200 0.27900 -0.80500 1.14100 0.23900 0.17600 -0.10400 -0.75200 -0.33400 0.73100 2
-2.08100 2.04300 -0.52100 0.57800 -0.46300 -0.24600 -0.04100 -0.16200 -0.81400 0.42500 3
-2.65800 2.73900 -0.38200 -0.31000 -1.64000 0.08100 0.27600 0.88400 -0.53500 -0.54800 4
-2.98200 2.00100 -0.91500 0.18800 0.03500 0.46700 -0.13000 -0.68900 -0.68400 0.66400 5
-3.09800 2.52500 -0.31600 -0.32200 -1.08200 0.28500 0.44500 0.84700 -0.95100 -0.70700 6
-4.40300 3.60200 -0.94500 -0.93400 0.04100 0.40900 1.00300 0.47000 -0.47700 -0.62100 7
-4.20000 2.20100 -0.31000 -0.39200 0.96800 0.70000 -0.32800 0.12900 -0.89600 0.15000 8
-5.21100 2.54400 0.82000 -0.33300 0.44700 0.22600 0.12700 0.89000 -1.38900 -0.30400 9
-2.75200 1.77800 -0.71800 0.05700 -0.00900 0.40200 0.12100 0.05000 -1.43500 0.28100 10
-5.05800 2.23600 1.38100 1.88500 -0.25900 -0.48300 -0.56200 0.12300 -0.06300 0.66300 0
-4.18100 1.64600 0.73600 1.28600 0.72400 -0.51100 -1.12600 -0.45000 -0.64800 0.99500 1
-3.75300 0.82800 -0.04200 1.40600 0.20900 -0.53000 -0.52000 -0.40000 -0.38600 1.07000 2
-3.49400 1.20700 -0.60700 0.24200 -0.43000 0.13100 0.23600 0.54500 -0.59300 0.67800 3
-2.81300 2.32700 -1.24600 -0.18400 -0.75500 0.49100 1.20200 -0.55800 -0.66900 0.05400 4
-3.13300 1.98300 -1.39800 0.25400 -0.66700 0.53200 0.38900 -0.17800 -0.58400 0.84400 5
-3.74900 3.01800 -0.75500 -0.45200 -0.66600 0.20900 0.74100 0.90000 -1.61300 0.12800 6
-4.37300 4.64300 -0.79200 -1.33200 -0.20200 0.59700 0.19200 1.13300 -1.13100 -0.28000 7
-4.46800 4.12100 -0.42000 -1.19700 0.33800 0.60000 -0.11000 0.31400 -1.24800 -0.01200 8
-4.90200 4.49000 -0.56400 -0.53600 -0.16400 -0.29800 0.84200 -0.15800 -0.90600 0.35800 9
-4.12500 2.30000 -0.16700 -0.27000 0.10300 0.32000 -0.46700 -0.25400 -0.41500 0.86300 10
-5.12400 2.31900 1.41300 1.80400 -0.27700 -0.33000 -0.74600 0.22100 0.06000 0.46000 0
-4.39300 2.13700 0.57000 1.39700 0.29300 -0.83600 -0.96600 -0.46100 -0.27700 1.18400 1
-3.96100 1.07800 0.11000 1.23200 0.21000 -0.67000 -0.53600 -0.33000 -0.26800 1.09800 2
-3.65400 1.22200 -0.57400 0.24800 -0.29900 0.15800 0.15400 0.55300 -0.58000 0.61700 3
-3.00100 2.26300 -1.17800 -0.11600 -0.92200 0.53600 1.28600 -0.50600 -0.56600 -0.10200 4
-3.41700 1.98400 -1.14800 0.23400 -0.77800 0.41100 0.49400 0.13000 -0.70400 0.76400 5
-3.88700 3.17200 -0.73900 -0.69000 -0.54800 0.33000 0.56900 0.98000 -1.60900 0.28300 6
-4.47400 4.56900 -1.06900 -1.40900 0.13700 1.04900 0.07100 0.87700 -1.35500 -0.16700 7
-4.47100 4.09600 -0.80900 -0.88100 0.64600 0.53900 0.04000 0.14200 -1.55500 -0.02300 8
-4.94700 4.63700 -0.44400 -0.95300 -0.11900 -0.24900 0.59400 0.27000 -0.78300 0.26500 9
-4.17300 2.29900 -0.29800 -0.13000 0.12200 0.31900 -0.38800 -0.32800 -0.48000 0.99000 10
-5.13100 2.19200 1.36400 1.93600 -0.59100 -0.35400 -0.67700 0.15000 0.17800 0.38000 0
-4.39500 1.86400 0.50300 1.71800 0.24100 -0.81700 -0.67200 -0.68700 -0.44900 1.39600 1
-4.05800 1.07200 0.15700 1.13600 0.38500 -0.68700 -0.58300 -0.18500 -0.30000 1.17700 2
-3.63100 1.19500 -0.71900 0.13000 -0.06500 0.34800 -0.06100 0.55500 -0.59400 0.80600 3
-3.43400 2.26000 -1.06500 -0.12200 -0.79500 0.36300 1.40300 -0.50700 -0.37500 0.01500 4
-3.76500 1.97000 -0.95500 0.30400 -0.73500 0.41000 0.38000 0.14600 -0.53600 0.73800 5
-3.97500 3.06600 -0.50600 -0.82700 -0.47800 0.43400 0.35600 0.93900 -1.30900 0.20400 6
-4.49700 4.50000 -1.44600 -1.12700 0.44300 0.98600 0.13600 0.59700 -1.08700 -0.07300 7
-4.47500 4.06400 -0.92700 -0.67800 0.59900 0.44500 0.22400 0.10300 -1.33600 -0.19200 8
-5.01100 4.97600 -0.86800 -1.21500 0.17000 -0.01800 0.54300 0.15400 -0.84100 0.70700 9
-4.15100 2.06900 -0.60500 0.11100 0.41000 0.35400 -0.28400 -0.38100 -0.50700 0.73700 10
-5.12500 2.07700 1.28300 2.00300 -0.73400 -0.51300 -0.55700 0.05500 0.29500 0.26900 0
-4.31600 1.40900 0.44100 1.81900 0.50000 -0.61700 -0.63300 -0.62100 -0.67100 1.19300 1
-4.14900 1.12900 -0.00800 1.21500 0.39000 -0.47400 -0.40000 -0.34300 -0.34400 0.88600 2
-3.58100 1.18800 -0.95800 0.18900 -0.07700 0.45100 0.04900 0.44900 -0.67600 0.91900 3
-3.82800 2.36700 -0.83600 -0.34300 -0.46600 0.11600 1.17200 -0.17500 -0.27500 0.11700 4
-3.82000 1.70500 -1.13000 0.45000 -0.47100 0.66500 0.29800 -0.17500 -0.47300 0.84800 5
-3.94900 2.99000 -0.64300 -0.98600 -0.17500 0.76800 0.24900 0.80300 -1.47900 0.16800 6
-4.47100 4.46100 -1.88700 -0.79900 0.71900 0.93800 0.23900 0.34200 -1.03600 -0.06000 7
-4.58000 4.11600 -0.75300 -0.84900 0.51600 0.49800 0.11700 0.18100 -1.25600 -0.11900 8
-5.04900 4.84600 -0.67800 -0.87700 -0.09000 0.00500 0.25300 -0.07800 -0.17800 0.13100 9
-4.11500 1.85600 -0.73800 0.13200 0.65800 0.32900 -0.25200 -0.12300 -0.53000 0.45600 10
-5.14300 2.05100 1.21600 1.89800 -0.55500 -0.46600 -0.84200 0.01100 0.46100 0.19300 0
-4.40300 1.40900 0.55100 1.49600 0.67300 -0.61600 -0.78700 -0.38200 -0.69600 1.13900 1
-4.31600 1.27200 -0.08700 1.28500 0.12600 -0.12800 -0.28600 -0.46300 -0.29400 0.69100 2
-3.62200 1.11100 -0.97200 0.39900 -0.40200 0.52700 0.27100 0.37300 -0.71600 0.94300 3
-3.85000 2.28000 -1.05500 -0.33500 -0.16400 0.41000 0.91300 -0.39100 -0.33800 0.26000 4
-3.96200 1.72400 -1.29000 0.53100 -0.17000 0.52800 0.28200 -0.14900 -0.60300 1.13900 5
-3.89400 2.91000 -0.96800 -0.67100 -0.13100 0.51900 0.59100 0.70800 -1.51500 0.12100 6
-4.46900 4.34800 -1.74000 -0.88600 0.44700 0.88300 0.37400 0.57700 -0.90800 -0.08900 7
-4.66100 4.23500 -0.49700 -1.02100 0.29500 0.45700 -0.01900 0.34500 -1.35500 0.06200 8
-5.04000 5.07400 -1.72100 -0.26400 0.27900 0.17600 0.00300 -0.60900 -0.17700 0.42200 9
-4.16900 1.79900 -0.62100 0.02500 0.70600 0.36200 -0.34300 -0.04900 -0.33900 0.22000 10
-5.10500 1.96800 1.14000 1.71900 -0.44300 -0.43200 -0.96900 -0.17300 0.55100 0.17600 0
-4.54400 1.67200 0.64300 1.28100 0.50400 -0.80300 -0.70900 -0.22900 -0.54600 1.05800 1
-4.42600 1.16700 0.00800 1.31500 0.18900 -0.29700 -0.12400 -0.24400 -0.42300 0.68400 2
-3.62200 0.98800 -1.10800 0.68500 -0.69300 0.75400 0.44200 0.16600 -0.45800 0.73800 3
-3.59700 2.14600 -1.49200 -0.14200 -0.29700 0.81500 0.87000 -0.49000 -0.47100 0.41000 4
-4.12200 1.73500 -1.34000 0.61500 0.03000 0.35300 0.34500 -0.10400 -0.54000 0.98800 5
-4.06500 2.87600 -0.85600 -0.22100 -0.53300 0.23200 0.85500 0.63300 -1.45200 0.27200 6
-4.51300 4.26500 -1.47700 -1.09000 0.21500 0.82900 0.34200 0.69300 -0.60100 -0.05600 7
-4.65100 4.24600 -0.82300 -0.83100 0.66600 0.54600 -0.30000 0.09400 -1.34300 0.18500 8
-5.03400 4.99300 -1.63300 -0.28500 0.39800 0.18100 -0.21100 -0.50800 -0.28300 0.30400 9
-4.26100 1.82700 -0.48200 -0.19400 0.73100 0.35400 -0.47800 0.05000 -0.11200 0.32100 10
-1.14900 -0.90400 -1.98800 0.73900 -0.06000 1.20600 0.86400 1.19600 -0.30000 -0.46700 0
-2.61300 -0.09200 -0.54000 0.48400 0.38900 1.74100 0.19800 0.25700 -0.37500 -0.60400 1
-2.50500 0.63200 -0.59300 0.30400 0.49600 0.82400 -0.16200 0.18100 -0.36300 -0.76400 2
-1.76800 1.76900 -1.14200 -0.73900 -0.08600 0.12000 -0.23000 0.21700 -0.00900 -0.27900 3
-2.67100 3.15500 -0.51400 0.13300 -0.96400 0.23400 -0.07100 1.19200 0.25400 -0.47100 4
-2.50900 1.32600 0.35400 0.66300 -0.72400 0.41800 -0.49600 0.71300 0.63800 -0.20400 5
-2.76400 1.11100 0.72700 1.54000 -0.85500 0.26100 -1.11000 0.22700 0.42000 0.99100 6
-3.81600 3.42600 0.22400 -0.38400 -1.73300 0.43400 -0.32200 1.33300 0.65300 0.57700 7
-3.83900 1.24800 0.83000 0.98200 -1.11000 0.61700 -0.75100 0.08400 0.30900 1.12500 8
-4.98200 1.53800 0.96000 1.25300 -0.64000 0.58800 -0.48400 -0.31000 -0.24600 1.18000 9
-2.89500 0.68200 -0.15100 0.21800 -0.68900 1.11800 -0.26400 0.92200 0.75700 0.32700 10
-1.09300 -0.92200 -2.09100 0.84400 0.00900 1.24700 0.89100 1.45300 -0.08900 -0.40000 0
-2.49900 0.11900 -0.82000 0.34600 0.34700 1.69600 0.24500 0.68900 -0.08400 -0.59600 1
-2.63300 0.67200 -0.37200 0.43900 0.43700 0.90700 -0.40200 -0.04000 -0.36600 -0.74100 2
-1.70700 1.65200 -1.01200 -0.62200 -0.29300 0.27900 -0.27600 0.47700 0.05000 -0.20000 3
-2.69600 3.12900 -0.52000 0.29400 -0.98900 0.01900 -0.06600 1.10600 0.36100 -0.39600 4
-2.59200 1.61700 0.26700 0.38000 -0.77700 0.48700 -0.20600 0.73300 0.59200 -0.40300 5
-2.73300 1.08800 0.76100 1.69400 -0.83300 0.29200 -1.06900 0.26600 0.36900 1.03400 6
-3.83500 3.33900 0.29000 -0.12600 -1.68000 0.19500 -0.36800 1.32800 0.52300 0.86100 7
-3.91500 2.15800 0.78100 0.64300 -1.02300 0.59800 -0.71800 0.27400 0.37600 0.77000 8
-4.84800 1.11500 0.93200 1.61500 -0.58900 0.59200 -0.44600 -0.36600 -0.44700 1.29400 9
-2.98200 0.52200 -0.10000 0.36200 -0.66000 1.11500 -0.30500 0.85900 0.63700 0.34400 10
-1.78400 -1.07400 -1.66100 1.32400 0.28900 1.30300 0.92400 1.30700 -0.34600 -0.52100 0
-1.89000 0.20700 -1.16100 0.02700 -0.04700 1.58100 0.27700 1.12900 0.36600 -0.25000 1
-2.67700 0.48600 -0.06100 0.51700 0.22200 1.10200 -0.42500 -0.09600 -0.37300 -0.48400 2
-1.71600 1.18600 -0.80900 -0.51500 -0.35000 0.29000 -0.40400 0.67800 0.17200 -0.21200 3
-2.76900 2.90600 -0.19400 0.34900 -0.95800 0.08900 -0.24500 1.00400 0.60000 -0.33600 4
-2.62500 1.55100 0.29800 0.32400 -1.05000 0.74600 0.06700 0.60300 0.34200 -0.41300 5
-2.63200 0.88100 0.71000 1.80000 -0.75000 0.33000 -1.12800 0.17700 0.33900 1.16600 6
-3.88800 3.08500 0.43600 0.14200 -1.52600 -0.05200 -0.50300 1.08500 0.51100 0.97600 7
-3.82400 1.83200 1.09300 1.02400 -1.09000 0.56000 -0.33600 0.29900 0.12600 1.00500 8
-4.81300 1.04200 0.88700 1.66100 -0.53400 0.74700 -0.51300 -0.44800 -0.41200 1.21400 9
-2.97100 0.46300 -0.19500 0.32300 -0.62500 0.94100 -0.32700 0.78000 0.55200 0.43600 10
-2.69800 -1.02700 -0.94000 1.79600 0.39200 1.33000 0.86600 0.78100 -0.83800 -0.66300 0
-1.35800 0.13600 -1.08200 -0.14800 -0.60900 1.46400 0.14400 1.14900 0.48100 0.11900 1
-2.59400 0.62100 -0.29200 0.52100 0.26000 1.20400 -0.33700 0.26100 -0.33200 -0.51000 2
-1.79300 0.92500 -0.73900 -0.39600 -0.21100 0.32900 -0.40300 0.60400 0.19700 -0.25100 3
-2.92000 2.69700 -0.11600 0.45100 -0.85900 -0.03500 -0.30700 0.87400 0.62200 -0.30100 4
-2.69600 1.26000 0.43600 0.65700 -1.16100 0.80500 0.06200 0.57500 0.18200 -0.33400 5
-2.48400 0.55900 0.62400 1.95100 -0.64600 0.38100 -1.10600 0.03600 0.24000 1.29100 6
-3.98900 3.04900 0.30400 0.20900 -1.26000 -0.20500 -0.73500 0.86200 0.55100 1.11400 7
-3.77600 1.75200 0.92000 0.72200 -1.16400 0.77400 -0.01000 0.65700 0.24800 1.05500 8
-4.71700 0.82900 0.85300 1.98000 -0.54600 0.68800 -0.43400 -0.42400 -0.63600 1.24500 9
-3.10800 0.92600 -0.38900 0.24900 -0.46100 0.81600 -0.22600 0.81800 0.38700 0.30300 10
-3.36600 -0.82600 -0.40500 1.64300 0.60300 1.22600 0.52400 0.29300 -0.85800 -0.66800 0
-1.53000 0.02900 -0.92500 0.05400 -0.56500 1.59300 0.12300 1.11700 0.33800 0.02600 1
-1.81700 0.55900 -0.80100 0.23400 0.01100 1.21500 -0.16100 0.80900 0.01800 -0.38200 2
-1.96900 0.83500 -0.67100 -0.27000 0.02800 0.40000 -0.44400 0.53000 0.06100 -0.34300 3
-3.03800 2.47500 0.02400 0.50800 -0.73700 -0.10200 -0.35800 0.70600 0.60000 -0.20900 4
-2.88900 1.41800 0.40900 0.61000 -1.01800 0.99200 0.00500 0.51800 -0.02700 -0.32600 5
-2.71000 0.80900 0.75400 1.90300 -0.76400 0.37800 -1.12300 0.16200 0.40500 1.16300 6
-3.99200 3.34200 0.16700 0.08600 -1.23000 -0.21600 -0.82400 0.83700 0.52100 0.97800 7
-3.81000 1.91000 0.52700 0.47800 -0.97200 0.94500 -0.28000 0.71900 0.48200 0.82900 8
-4.68300 0.77300 0.88800 2.30200 -0.56200 0.39500 -0.40100 -0.28900 -0.83900 1.16500 9
-3.37500 1.77900 -0.82200 0.38200 -0.01900 0.84500 0.12300 0.76700 0.22300 -0.33700 10
-3.31200 -0.77600 -0.50400 1.39000 0.86000 1.25700 0.22200 0.31400 -0.71500 -0.76500 0
-2.07300 0.08800 -0.73000 0.29600 -0.28600 1.75000 0.15400 1.07800 0.29400 -0.17400 1
-1.22200 0.49100 -0.71600 0.00400 -0.32300 1.10800 -0.14800 0.77300 0.38700 -0.07300 2
-2.29500 0.88300 -0.61900 -0.04100 0.14300 0.37800 -0.60200 0.33500 -0.11400 -0.39100 3
-2.96800 2.14900 0.13000 0.67600 -0.79000 0.11200 -0.50700 0.76200 0.62500 -0.27200 4
-2.78400 1.43000 0.14500 0.30900 -0.93100 1.34200 0.01700 0.58900 -0.04400 -0.27300 5
-3.07300 1.53200 0.94900 1.54100 -1.05800 0.27200 -0.96100 0.44900 0.61900 0.96900 6
-3.95800 4.13200 -0.07400 -0.19000 -1.18400 -0.11000 -0.67900 1.19800 0.44200 0.56300 7
-3.94700 2.10200 0.30500 0.46200 -0.76500 1.03700 -0.61800 0.74100 0.34500 0.26900 8
-4.75600 0.96500 0.95900 2.28700 -0.52700 0.45400 -0.41000 -0.36200 -0.86200 1.08800 9
-3.36600 1.95200 -0.89800 0.25800 0.28200 0.83500 0.29000 0.68100 0.43100 -0.46100 10
-3.13700 0.07700 -1.15700 1.58900 0.20400 1.89800 0.17000 0.67600 -1.03300 -0.63500 0
-3.26200 0.95600 -0.79100 1.52800 -0.02100 0.97700 -0.12100 0.49900 -0.99000 -0.62100 1
-2.04500 0.81900 -1.46000 0.65200 -0.70100 0.35200 -0.08700 0.79300 -0.56700 -0.01300 2
-1.99300 1.72500 -1.13000 0.55600 -1.22300 0.48500 0.21100 -0.04000 -0.29400 -0.54800 3
-2.76500 2.81700 -2.02000 0.21300 -0.77200 0.85200 0.25200 -0.19300 -0.20200 -0.09300 4
-2.55000 2.39100 -1.13700 0.09000 -0.94800 0.21700 0.05100 0.72300 -0.55800 -0.20400 5
-3.29700 2.88000 -0.85900 -0.30100 -1.02000 0.79800 0.28800 0.85500 -0.52800 -0.66200 6
-4.04700 3.89900 -0.42300 0.14700 -1.27300 0.20300 0.31700 0.53100 0.58400 -0.11000 7
-4.10100 2.84000 -0.80200 0.06200 -0.73300 1.30400 -0.14500 0.44300 0.04900 -0.61100 8
-4.69300 3.14600 -0.13600 0.58700 -0.73100 1.05500 -0.10400 -0.02100 0.63700 -0.19200 9
-3.73000 1.87200 -0.80100 0.55500 -0.42700 0.79100 0.19600 0.65000 -0.74400 -0.37200 10
-3.01900 0.05800 -1.26500 1.49700 0.17100 1.99700 0.17800 0.84700 -1.16000 -0.54800 0
-3.33900 1.00400 -0.74700 1.50500 -0.06800 1.00700 -0.01700 0.37700 -0.77500 -0.89900 1
-2.00800 0.78500 -1.48900 0.65400 -0.68500 0.31300 -0.08500 0.85600 -0.51600 -0.05300 2
-1.95100 1.68400 -1.03900 0.58600 -1.16600 0.34500 0.33000 -0.10800 -0.19800 -0.60900 3
-2.78500 2.79200 -1.92400 0.22500 -0.98500 1.07600 0.07000 -0.07100 -0.25700 -0.13500 4
-2.53800 2.35100 -1.02900 0.14600 -0.92200 0.20100 -0.05800 0.83500 -0.71200 -0.07400 5
-3.23100 3.00300 -1.16100 -0.31500 -0.81600 0.87000 0.31100 0.67700 -0.56500 -0.70000 6
-4.03300 4.07100 -0.58600 0.12700 -1.44700 0.62000 0.19700 0.71100 0.48000 -0.30600 7
-4.13000 3.10500 -1.14100 0.18300 -0.49800 1.32400 -0.39900 0.67500 -0.33900 -0.69400 8
-4.71800 3.28100 -0.20300 0.65100 -0.88300 1.41300 -0.66300 0.58300 0.23700 -0.30700 9
-3.70000 1.84100 -0.67500 0.44100 -0.38300 0.89000 0.17600 0.59400 -0.67700 -0.40800 10
-2.97300 0.03600 -1.27300 1.51900 0.19500 1.98000 0.13100 0.83200 -1.15700 -0.54700 0
-3.48500 1.09200 -0.67400 1.39500 -0.02700 1.03900 -0.04700 0.38400 -0.76100 -0.93400 1
-1.92900 0.77700 -1.41500 0.59800 -0.57900 0.21500 -0.06100 0.73300 -0.33300 -0.23500 2
-1.92800 1.57800 -0.99700 0.67200 -1.28700 0.38100 0.24900 0.00600 -0.16700 -0.63700 3
-2.82300 2.74300 -2.01200 0.23400 -0.91900 1.10300 0.09100 -0.17700 -0.14300 -0.09000 4
-2.52100 2.28300 -0.95400 0.23200 -0.91800 0.25300 -0.09400 0.83300 -0.70400 -0.09200 5
-3.17300 3.16600 -1.50100 -0.37000 -0.43700 0.97400 0.17900 0.55600 -0.79400 -0.54900 6
-4.04900 4.03900 -0.55800 0.06400 -1.67600 1.02400 0.04700 1.02400 -0.09100 -0.28300 7
-4.13000 3.29100 -1.42400 0.35900 -0.27300 1.29700 -0.45400 0.62000 -0.52700 -0.70900 8
-4.75300 3.42100 -0.18900 0.65600 -0.98400 1.44300 -0.65200 0.54600 0.12300 -0.32600 9
-3.72500 1.90400 -0.73700 0.43300 -0.36900 1.04700 0.12000 0.42500 -0.67800 -0.39100 10
-3.00000 0.04200 -1.23800 1.52900 0.18700 2.02800 0.10400 0.75900 -1.18000 -0.63400 0
-3.58700 1.19300 -0.61700 1.34000 -0.02200 1.10300 -0.07200 0.36800 -0.85400 -0.76700 1
-1.89500 0.75500 -1.38800 0.63800 -0.61400 0.24600 -0.03300 0.69300 -0.27000 -0.34600 2
-1.92500 1.51700 -0.99900 0.63400 -1.27000 0.20700 0.38500 0.00400 -0.14100 -0.62400 3
-2.79700 2.70600 -1.93600 0.14700 -0.92100 1.24000 -0.08200 -0.00600 -0.21400 -0.06400 4
-2.56100 2.19100 -0.95500 0.21400 -0.84100 0.38600 -0.08300 0.74000 -0.61200 -0.19600 5
-3.15200 3.17600 -1.57300 -0.20400 -0.48500 0.72300 0.30800 0.65200 -0.87200 -0.58600 6
-4.06400 4.10600 -0.54500 0.03000 -1.64500 0.90400 0.10300 0.90700 0.05000 -0.32200 7
-4.13900 3.36300 -1.46400 0.45900 -0.06600 1.04500 -0.14600 0.17200 -0.12400 -0.86400 8
-4.78200 3.32500 -0.07100 0.66300 -0.91300 1.01200 -0.03300 -0.10300 0.48300 -0.20200 9
-3.73100 1.92700 -0.70500 0.45300 -0.37200 1.14900 0.04600 0.32300 -0.62700 -0.33100 10
-3.05500 0.08800 -1.21700 1.56200 0.18600 2.05900 0.05400 0.63900 -1.12100 -0.75700 0
-3.71100 1.37700 -0.58400 1.42800 -0.03300 1.06200 -0.12700 0.32800 -1.09200 -0.56500 1
-1.92600 0.68900 -1.43300 0.71600 -0.58800 0.26900 -0.04400 0.71600 -0.24500 -0.28500 2
-1.94800 1.53600 -1.01200 0.53700 -1.22900 0.18300 0.46000 -0.00200 -0.17800 -0.57600 3
-2.80000 2.60900 -1.72600 0.03600 -0.94100 1.03900 0.19100 0.04400 -0.16500 -0.23400 4
-2.69100 2.11100 -1.06700 0.17400 -0.64900 0.43100 -0.01700 0.65500 -0.49800 -0.29200 5
-3.19000 3.10100 -1.65900 -0.18200 -0.43600 0.82800 0.27200 0.50200 -0.85700 -0.51600 6
-4.07400 4.18700 -0.55500 0.05200 -1.60300 0.73000 -0.06100 0.98100 0.24900 -0.25000 7
-4.17400 3.54000 -1.43000 0.41700 0.26700 0.91800 -0.11800 -0.26700 -0.16200 -0.71000 8
-4.82700 3.39100 -0.09900 0.59900 -0.72300 0.74100 0.08900 -0.21400 0.51800 -0.07400 9
-3.73500 2.09600 -0.81800 0.46300 -0.22100 1.14400 0.02300 0.22400 -0.74500 -0.32500 10
-3.11700 0.14600 -1.22800 1.63500 0.22300 2.02600 0.03600 0.56900 -1.15000 -0.76700 0
-3.87100 1.69400 -0.60600 1.42800 0.04400 0.84400 -0.01300 0.12600 -1.21800 -0.55300 1
-2.02900 0.69800 -1.48200 0.81300 -0.68100 0.42200 0.01600 0.75100 -0.30000 -0.23700 2
-1.99800 1.49700 -1.00500 0.51900 -1.23600 0.39800 0.27300 0.15100 -0.31900 -0.49000 3
-2.91400 2.54100 -1.56700 0.06700 -1.05100 1.20700 0.00600 0.28900 -0.32500 -0.34300 4
-2.93700 2.18300 -1.29100 0.35500 -0.37200 0.57000 0.04500 0.45200 -0.70500 -0.26300 5
-3.23900 2.91600 -1.40600 -0.45500 -0.45400 1.21900 0.07800 0.38300 -0.77600 -0.41300 6
-4.06900 4.20500 -0.61400 -0.06000 -1.46200 0.47600 0.38100 0.58900 0.40500 -0.25900 7
-4.23500 3.77500 -1.59300 0.81400 0.28800 0.80500 -0.56600 -0.24700 -0.40900 -0.55600 8
-4.88400 3.63000 -0.27900 0.49600 -0.67000 0.79200 -0.00500 -0.13700 0.53200 -0.18400 9
-3.75600 2.20400 -0.71600 0.52900 -0.28400 1.12100 0.02200 0.12700 -0.78200 -0.39400 10
-4.06600 0.39800 -0.38200 1.67900 0.12100 1.61700 0.50400 -0.31500 -0.22600 -0.87300 0
-2.96600 0.65900 -1.05700 1.36000 0.15200 1.43500 0.19700 0.92600 -0.45000 -0.63700 1
-2.69500 1.11900 -0.98600 0.17200 0.49900 0.37200 0.08800 0.63000 -0.72100 -0.25600 2
-2.48200 1.89600 -1.28900 0.11200 0.28500 0.09600 0.02200 0.83200 -0.33300 -0.76400 3
-2.74200 2.72900 -0.12900 -0.49000 -0.57300 0.86800 0.07000 0.77100 0.05300 -0.93900 4
-2.43400 2.90300 -1.34100 -0.41100 0.37200 0.84300 -0.02200 0.33600 0.12300 -0.74700 5
-2.97300 3.55700 -0.39600 -0.71900 -0.66900 0.92300 0.29300 1.00900 0.14000 -1.09800 6
-4.10300 3.81200 0.25500 -0.10300 -0.99400 0.09700 -0.34500 2.03900 0.02000 -0.43000 7
-3.86300 3.24500 -0.99600 0.48600 -0.34800 0.19000 0.55800 1.34200 0.17600 -0.31800 8
-4.61100 2.96200 -0.85600 1.16100 -0.61200 0.46900 0.16200 0.70500 0.37000 -0.91600 9
-3.54800 1.61100 -0.85000 0.37400 0.16800 0.31800 0.46300 0.86300 -1.13100 -0.33400 10
-4.05200 0.35000 -0.31400 1.73400 0.12700 1.66700 0.51200 -0.37700 -0.35800 -0.85500 0
-3.03400 0.69400 -1.00700 1.45300 0.15500 1.48000 0.17900 1.00500 -0.54000 -0.56300 1
-2.66700 1.13200 -1.05400 0.23200 0.53700 0.35200 0.16300 0.55000 -0.68800 -0.29500 2
-2.39500 1.92900 -1.49600 0.37200 0.06500 0.00900 0.14900 0.81300 -0.48400 -0.67200 3
-2.75800 2.83900 -0.28200 -0.44900 -0.48500 0.78800 0.12000 0.79200 0.02300 -0.94900 4
-2.46400 2.75500 -0.97500 -0.65100 0.15800 1.04700 -0.14500 0.20300 0.24600 -0.74500 5
-3.04500 3.31200 0.17100 -0.60500 -1.02700 0.92400 0.35300 0.89700 0.36500 -0.87100 6
-4.08900 3.71200 0.31500 -0.05000 -0.92900 0.01800 -0.35000 1.77000 0.24400 -0.30100 7
-3.98900 3.58200 -1.10000 0.37400 -0.12000 0.29100 0.66300 0.96000 0.02300 -0.47700 8
-4.60200 3.04300 -0.95900 0.82800 -0.29800 0.31500 0.42300 0.57000 0.38700 -0.61700 9
-3.70700 1.48600 -0.49400 0.40200 0.18300 0.18600 0.23400 1.02900 -0.85600 -0.40800 10
-3.89400 0.11700 -0.40700 1.97300 0.04300 1.89100 0.41100 -0.09500 -0.43600 -1.01500 0
-3.05300 0.71600 -1.02400 1.42200 0.18400 1.47300 0.26100 0.98300 -0.43100 -0.71700 1
-2.61500 1.18500 -1.16200 0.39500 0.45900 0.34500 0.29800 0.45600 -0.62000 -0.30700 2
-2.30300 1.95400 -1.49300 0.30500 0.04700 0.05600 0.02600 0.90200 -0.52200 -0.64500 3
-2.79000 2.66500 0.03600 -0.44000 -0.60400 0.81100 0.09800 0.72300 0.13400 -0.91000 4
-2.44500 2.67800 -0.81600 -0.74300 0.07600 1.11700 -0.05700 0.01800 0.28100 -0.72000 5
-3.02400 3.26000 0.35000 -0.57700 -1.18300 0.87200 0.55600 0.76200 0.39500 -0.66500 6
-3.98300 3.69500 0.09600 -0.33300 -1.01000 0.16900 -0.10800 1.67400 0.26200 -0.23100 7
-3.96000 3.37300 -1.23500 0.15200 0.03100 0.66400 0.55800 0.84100 -0.13300 -0.31700 8
-4.61700 3.03300 -0.90900 0.60400 -0.34100 0.63600 0.29400 0.52700 0.48000 -0.55800 9
-3.78900 1.42000 -0.37200 0.56800 0.12300 0.18500 0.07800 1.00600 -0.72200 -0.39100 10
-3.67600 -0.18500 -0.56300 2.37700 0.09600 1.85400 0.30300 0.29600 -0.35800 -1.20500 0
-3.03300 0.70000 -1.07700 1.26600 0.19600 1.45300 0.31700 0.94700 -0.32400 -0.82800 1
-2.60000 1.21900 -1.31500 0.58900 0.31100 0.36400 0.45100 0.35000 -0.55600 -0.31400 2
-2.31600 2.00700 -1.36500 0.18100 0.20600 0.07100 0.03700 0.81400 -0.33200 -0.75300 3
-2.70000 2.68600 -0.04300 -0.52800 -0.62600 0.91700 0.16700 0.65200 0.10000 -0.93700 4
-2.44400 2.52900 -0.48700 -0.81400 -0.15100 1.28500 0.07700 -0.06400 0.28700 -0.63800 5
-2.96900 3.12800 0.50400 -0.48700 -1.37100 0.70400 0.66000 0.67600 0.46900 -0.52500 6
-3.87800 3.81600 -0.15500 -0.66800 -1.20700 0.54100 0.02200 1.97200 -0.02900 -0.29000 7
-3.89600 2.76800 -0.81600 -0.01400 -0.12500 0.16800 0.30700 1.20300 0.24600 -0.11800 8
-4.71700 3.05900 -0.68200 0.53200 -0.48000 0.73100 0.17400 0.49300 0.63500 -0.47300 9
-3.68900 1.36700 -0.38900 0.37600 0.13600 0.34300 0.15600 1.01000 -0.61100 -0.55100 10
-3.64400 -0.21500 -0.57900 2.30700 0.04600 1.94500 0.28000 0.27200 -0.53900 -1.22600 0
-3.03400 0.45200 -0.94600 0.93100 0.12800 1.51400 0.14200 0.93200 -0.10400 -0.97400 1
-2.81700 1.26800 -1.12700 0.70700 0.39900 0.40600 0.28900 0.31900 -0.69100 -0.37900 2
-2.38200 1.98400 -1.09600 -0.10300 0.36900 0.20400 -0.12500 0.75200 -0.13600 -0.95900 3
-2.54000 2.92500 -0.37700 -0.74500 -0.56200 0.98100 0.30300 0.53900 0.12700 -0.95900 4
-2.50500 2.35800 -0.18400 -0.79200 -0.31600 1.36300 0.30200 -0.12100 0.21400 -0.62200 5
-2.95100 2.64000 0.83200 -0.38700 -1.50200 0.27200 0.75600 0.53800 0.61600 -0.39900 6
-3.97900 3.66100 0.16900 -0.59800 -1.41200 0.56900 0.00900 1.93900 0.09400 -0.14900 7
-4.08300 2.31500 -0.37500 0.52000 -0.01900 -0.21100 -0.17200 1.05400 0.38700 0.16800 8
-4.80500 3.22800 -0.50100 0.60200 -0.53200 0.74500 0.09000 0.44500 0.75600 -0.42000 9
-3.66100 1.29200 -0.43300 0.34000 0.09800 0.36300 0.24600 0.91100 -0.41500 -0.50700 10
-3.33700 -0.34700 -0.79000 2.12900 -0.05800 2.07900 0.29500 0.24600 -0.68700 -1.24100 0
-3.00000 0.21700 -0.85500 0.80300 -0.00800 1.79500 -0.01000 1.07000 -0.06100 -1.04600 1
-3.04700 1.26700 -0.79900 0.50700 0.52400 0.50700 0.04400 0.30200 -0.73100 -0.43100 2
-2.45000 1.99300 -1.08000 -0.09000 0.36700 0.32400 -0.16400 0.68400 -0.18100 -1.01300 3
-2.54400 2.72500 -0.06700 -0.78700 -0.90300 0.97000 0.52400 0.32000 0.28300 -0.82200 4
-2.70300 2.06600 0.20500 -0.63000 -0.34500 1.22900 0.40300 -0.03200 0.24700 -0.69600 5
-3.01500 2.21900 0.99600 -0.45500 -1.51400 0.04700 0.86400 0.46800 0.65700 -0.34300 6
-4.12200 3.17700 0.52900 -0.17600 -1.30700 0.13200 -0.27900 1.35300 0.45800 -0.00900 7
-4.04700 2.62600 -0.59700 0.82300 -0.26600 0.04800 0.04900 0.88200 0.35900 -0.20300 8
-4.89300 3.37000 -0.46400 0.53800 -0.32700 0.49600 0.27000 0.47000 0.74200 -0.14100 9
-3.66400 1.11900 -0.45900 0.48200 0.08200 0.22100 0.18500 0.86100 -0.23700 -0.41300 10
-2.46300 -0.19700 -1.26400 1.15000 0.23400 1.83300 0.06600 0.73800 -1.38200 -0.49800 0
-2.91300 0.75700 -0.81900 1.24500 0.41900 1.17000 0.05100 0.32800 -0.96000 -0.61400 1
-2.01200 1.13400 -1.02900 0.20500 0.66100 0.35900 0.45600 0.37200 -0.93900 -0.61300 2
-2.10100 1.50200 -0.32200 -0.36300 0.02600 0.11600 0.16200 -0.07400 -0.10600 -0.39700 3
-2.56500 1.87100 -0.26900 0.18700 -0.65600 0.26700 -0.32800 0.18400 0.34800 -0.51100 4
-2.34600 1.60400 -0.28300 0.39300 -0.41600 0.26800 -0.46300 0.38700 0.25300 -0.50400 5
-3.00800 2.88200 -0.90000 0.21400 -0.56500 -0.19700 0.44900 0.30500 0.41300 -0.30000 6
-3.82300 3.53600 -2.07000 0.24500 -0.44200 1.12500 0.73000 0.53800 -0.00600 -0.64000 7
-4.01900 3.52000 -1.05800 -0.20000 -0.54500 1.34800 0.35100 0.82000 -0.86800 -0.43400 8
-4.02200 0.94100 -0.62300 1.46100 0.02000 1.90400 -0.07400 0.46400 -0.54100 -0.21100 9
-3.20900 1.85000 -0.39400 0.55500 0.42500 0.31300 0.06700 0.07700 -0.16300 -0.94400 10
-2.37700 -0.26600 -1.37100 1.09000 0.24000 1.84300 0.10700 0.70200 -1.25600 -0.62000 0
-2.96100 0.76600 -0.80000 0.96200 0.65800 1.01200 0.34700 -0.01500 -0.42500 -0.74600 1
-2.20700 1.09000 -0.62700 0.02400 0.91200 0.66200 0.24100 0.34800 -0.70200 -0.91200 2
-2.13100 1.48700 -0.30200 -0.27200 0.01200 0.06700 0.14900 0.02200 -0.13300 -0.32200 3
-2.59600 1.86700 -0.20800 0.20800 -0.57400 0.14600 -0.21400 0.11600 0.39500 -0.54100 4
-2.37800 1.56800 -0.24300 0.40700 -0.42800 0.22900 -0.29300 0.29700 0.37200 -0.51200 5
-3.11700 2.87600 -0.74600 -0.04700 -0.42700 -0.05300 0.45300 0.30500 0.54100 -0.48900 6
-3.91100 3.70300 -1.96500 0.13200 -0.20900 0.92900 0.81100 0.49500 -0.14200 -0.51900 7
-4.13500 3.65100 -0.75100 -0.06600 -0.78900 1.13100 0.49600 0.78800 -0.88300 -0.35100 8
-4.02800 0.98200 -0.64800 1.47800 -0.04800 2.10800 -0.14600 0.46700 -0.65400 -0.19300 9
-3.26500 1.93300 -0.31600 0.60200 0.43800 0.33600 0.04800 0.13400 -0.16000 -0.99100 10
-2.38200 -0.29400 -1.39700 1.05100 0.21100 1.90100 0.15100 0.65400 -1.28600 -0.60900 0
-2.94100 0.71000 -0.85500 0.90200 0.63500 0.92400 0.46600 0.01000 -0.34200 -0.58800 1
-2.30600 1.08600 -0.59000 0.10600 0.93100 0.73300 0.21300 0.27400 -0.68400 -0.91100 2
-2.16200 1.53300 -0.26700 -0.28700 -0.02600 0.12200 0.16800 -0.02400 -0.26800 -0.27000 3
-2.63900 1.88000 -0.38900 0.20400 -0.57100 0.09400 -0.23300 0.27900 0.42600 -0.59800 4
-2.45800 1.58600 -0.35900 0.37600 -0.24400 0.13400 -0.16300 0.29800 0.44400 -0.71100 5
-3.24200 2.90100 -0.63200 -0.33200 -0.42100 0.22600 0.53600 0.14200 0.62300 -0.61600 6
-3.97700 3.68400 -1.24200 -0.36400 -0.21700 0.59400 0.75900 0.60000 0.06900 -0.25000 7
-4.09400 3.58600 -0.84500 -0.02600 -0.53800 0.96400 0.66600 0.64700 -0.41200 -0.47700 8
-4.13800 1.12800 -0.60100 1.55300 -0.01900 2.03900 -0.17600 0.26200 -0.55100 -0.36200 9
-3.24200 1.80200 -0.48200 0.69900 0.42400 0.33700 0.11500 0.27200 -0.20500 -1.07400 10
-2.45300 -0.32000 -1.36800 1.04000 0.17400 1.98500 0.15800 0.59000 -1.31800 -0.58700 0
-2.95700 0.59600 -0.75600 0.89000 0.58000 0.83600 0.54300 0.03600 -0.23200 -0.57900 1
-2.28900 1.10600 -0.81600 0.22800 0.86700 0.61600 0.33800 0.29800 -0.84300 -0.83200 2
-2.17500 1.63100 -0.33100 -0.20300 -0.15900 0.24600 0.18000 -0.09300 -0.35100 -0.26700 3
-2.72300 1.97500 -0.63600 0.33600 -0.67700 0.15600 -0.34200 0.47900 0.38100 -0.72900 4
-2.58000 1.60800 -0.31100 0.27300 -0.14800 0.26200 -0.06200 0.16700 0.33700 -0.69200 5
-3.31100 2.94600 -0.80800 -0.30000 -0.45700 0.32400 0.51500 0.14900 0.53300 -0.71800 6
-4.05200 3.74700 -1.24000 -0.29900 -0.42600 0.91700 0.51700 0.71600 -0.21000 -0.12500 7
-4.03900 3.50600 -0.96400 0.04100 -0.40000 0.97600 0.65000 0.65900 -0.21600 -0.32700 8
-4.31900 1.33800 -0.54900 1.67800 0.02700 1.92200 -0.22800 0.16100 -0.47000 -0.44200 9
-3.32900 1.78800 -0.51700 0.59700 0.50300 0.27800 0.12100 0.17600 -0.15900 -0.98000 10
-2.46000 -0.32500 -1.40400 0.92800 0.12200 2.04900 0.27400 0.53200 -1.11300 -0.76900 0
-2.90400 0.45800 -0.65600 0.83200 0.61000 0.80500 0.56800 0.04100 -0.11400 -0.61500 1
-2.31800 1.09700 -0.83200 0.26000 0.82100 0.58800 0.40200 0.32700 -0.85200 -0.77300 2
-2.14700 1.65500 -0.35500 -0.08200 -0.19400 0.29600 0.14600 -0.08300 -0.31400 -0.30800 3
-2.73300 2.02600 -0.71000 0.37700 -0.77400 0.28400 -0.46900 0.69300 0.20500 -0.74000 4
-2.72900 1.59500 -0.15000 0.16700 0.01500 0.37700 0.08300 -0.03800 0.16600 -0.67200 5
-3.33800 3.03300 -1.18900 -0.26900 -0.36400 0.54400 0.49100 0.14800 0.36500 -0.93100 6
-4.04800 3.75300 -1.15000 -0.20900 -0.53000 0.87100 0.44500 0.71600 -0.13100 0.13900 7
-4.14200 3.45400 -0.65300 0.27100 -0.59800 0.79300 0.56300 0.52000 -0.11800 -0.33000 8
-4.45700 1.51200 -0.51400 1.76400 0.06300 1.86000 -0.33200 0.18900 -0.52100 -0.41500 9
-3.40700 1.82100 -0.67500 0.76500 0.25600 0.46900 -0.09000 0.32200 -0.38700 -0.96800 10
-2.39100 -0.34700 -1.47400 0.84300 0.08900 2.02100 0.41700 0.50200 -0.86000 -0.97800 0
-2.91900 0.46300 -0.71600 0.95700 0.63500 0.83300 0.50100 0.04800 -0.13400 -0.63800 1
-2.38500 1.01000 -0.75400 0.37000 0.78500 0.47100 0.41500 0.31800 -0.79700 -0.67900 2
-2.10400 1.60000 -0.29700 -0.07100 -0.17200 0.28500 0.15200 -0.08900 -0.29600 -0.37000 3
-2.70600 2.07000 -0.69100 0.31000 -0.74500 0.26600 -0.41300 0.60200 0.36000 -0.71300 4
-2.85500 1.58700 -0.03000 0.20200 0.16500 0.44500 0.20700 -0.06700 -0.01300 -0.71200 5
-3.33900 3.01100 -1.26400 -0.34300 -0.11900 0.49800 0.58900 0.07800 0.22100 -0.82200 6
-4.03900 3.68900 -1.00700 -0.13900 -0.54200 0.58700 0.53500 0.46500 0.19400 0.16800 7
-4.17200 3.07000 -0.78100 0.51600 -0.62700 1.00600 0.53100 0.44100 -0.10200 -0.45600 8
-4.49400 1.53500 -0.49500 1.71500 0.04400 1.89200 -0.36700 0.36200 -0.58300 -0.29100 9
-3.28500 1.54700 -0.89700 0.91700 0.12700 0.40200 -0.01100 0.50200 -0.55700 -0.71500 10
-3.41500 -0.53800 0.24100 2.03800 0.62200 1.02700 -0.70100 -0.66000 -0.41800 0.78100 0
-3.43900 1.00700 0.02000 1.49100 0.77700 0.25700 -0.77700 -0.28200 -0.70700 0.74600 1
-2.81400 1.51500 -0.08800 0.59700 -0.03300 -0.29000 -0.44500 0.11300 -0.13600 0.66200 2
-2.02700 2.15700 -0.29700 -0.21100 -0.26600 0.08600 -0.17600 -0.17900 -0.28300 0.29200 3
-2.26300 3.34400 -1.16500 -0.62500 -0.15900 0.92600 0.13000 -0.33000 -0.78300 0.31000 4
-2.59400 2.58400 -0.37000 -0.52400 -0.17700 0.51500 -0.13700 0.09500 -0.73100 0.07200 5
-2.70200 3.59600 -0.57000 -1.04100 -0.70900 1.00900 0.40300 0.42600 -1.01300 -0.00900 6
-3.44000 3.20300 -0.69800 -0.86000 -0.54200 1.50300 0.92200 0.46700 -0.18300 -0.91900 7
-3.96100 4.14400 -0.93400 -0.08900 -0.61200 0.78700 0.32600 0.18200 -0.48700 -0.71900 8
-4.47100 3.19200 -0.16100 0.11700 -0.32700 0.40600 -0.20100 0.91900 -0.71600 -0.93300 9
-3.01200 2.25200 -0.80600 0.38900 -0.11000 0.64900 -0.32800 0.32100 -0.55900 0.23400 10
-3.70500 -0.20400 0.27400 1.56900 0.88300 1.36600 -0.94000 -0.69100 -0.16200 0.59800 0
-3.30300 0.70200 -0.20900 1.62700 0.81800 0.28700 -0.54100 -0.19800 -0.71700 0.76800 1
-2.64000 1.32200 -0.11100 0.86100 0.02600 -0.35400 -0.42500 0.08300 -0.23500 0.78100 2
-1.94800 2.14300 -0.06800 -0.21100 -0.23800 0.26300 -0.27000 -0.23800 -0.34200 0.14700 3
-2.24700 3.42000 -0.88700 -0.82300 -0.29700 0.77400 0.18500 -0.24200 -0.79000 0.04600 4
-2.48900 2.40100 -0.44000 -0.36700 -0.06900 0.53300 0.01100 0.11800 -0.62100 -0.18800 5
-2.77600 3.55700 -0.43500 -1.04400 -0.57200 1.27300 0.22100 0.29500 -0.98600 -0.04000 6
-3.35600 3.23600 -0.65300 -0.90000 -0.66100 1.43000 0.90100 0.39500 -0.13900 -0.72600 7
-3.90900 3.67400 -0.64800 0.08800 -0.36500 0.19900 0.42400 0.33600 -0.01200 -0.25200 8
-4.38600 3.05500 0.07500 -0.01800 -0.43600 0.56600 -0.28800 0.93600 -0.57700 -1.01000 9
-3.06700 2.54900 -0.85100 0.50500 0.04400 0.57400 -0.37700 0.14700 -0.60600 0.18900 10
-3.69900 -0.25100 0.26800 1.58500 0.85000 1.38100 -0.86700 -0.71000 -0.19000 0.56700 0
-3.26600 0.57700 -0.26100 1.48100 0.87400 0.30100 -0.49600 -0.01200 -0.62300 0.87900 1
-2.67600 1.41100 -0.09800 1.04700 -0.04000 -0.13100 -0.56000 -0.03000 -0.19200 0.70500 2
-1.89900 2.13500 0.09200 -0.11000 -0.14500 0.08100 -0.06700 -0.10400 -0.40800 -0.09900 3
-2.30500 3.62500 -1.20300 -0.66500 -0.29600 0.77500 0.19700 -0.28200 -0.84200 0.18800 4
-2.48900 2.37900 -0.52300 -0.15800 -0.17800 0.40600 0.19800 0.05900 -0.58900 -0.25600 5
-2.89800 3.39300 -0.40900 -0.99300 -0.58700 1.32200 0.24000 0.23100 -1.06800 -0.09400 6
-3.37600 3.32700 -0.79700 -0.84900 -0.68100 1.19800 0.83800 0.24400 -0.29800 -0.61800 7
-3.82800 3.18800 -0.38800 0.05500 -0.18500 -0.02900 0.50300 0.27300 0.32600 0.10000 8
-4.28300 2.82900 0.29600 0.08600 -0.54400 0.50100 -0.31700 0.99500 -0.34000 -1.11300 9
-3.18900 2.62000 -0.83300 0.45000 0.00900 0.44400 -0.34800 0.12600 -0.61400 0.08100 10
-3.49000 -0.47400 0.18700 1.74700 0.73300 1.30700 -0.81600 -0.78700 -0.22200 0.41000 0
-3.15500 0.61300 -0.28500 1.28700 0.88200 0.33700 -0.62400 0.06700 -0.51600 0.89100 1
-2.76200 1.51000 -0.14500 1.15700 -0.25600 0.04100 -0.64700 -0.32400 -0.12800 0.80600 2
-1.95900 2.28500 -0.08900 -0.26200 -0.01300 0.01900 -0.23300 -0.06800 -0.26800 -0.02200 3
-2.36400 3.74300 -1.39300 -0.36100 -0.35400 1.00400 0.20800 -0.37600 -1.04600 0.72200 4
-2.57700 2.44900 -0.38000 0.17400 -0.41000 0.38300 0.19000 0.09700 -0.48900 -0.08400 5
-2.91900 3.48000 -0.82300 -0.75100 -0.41600 1.04500 0.60900 0.18000 -1.17200 0.12300 6
-3.38700 3.28600 -0.74700 -0.69900 -0.90000 0.89100 0.87500 0.46000 -0.45700 -0.63600 7
-3.81800 3.15900 -0.29800 -0.05800 -0.34800 0.19400 0.59300 0.21100 0.53100 -0.01400 8
-4.29900 2.77500 0.24400 0.17700 -0.43600 0.26100 -0.30800 1.17500 -0.22700 -1.11500 9
-3.26900 2.48900 -0.76000 0.35200 -0.09200 0.43200 -0.27000 0.24200 -0.52300 0.01000 10
-2.85200 -0.80500 -0.31300 1.56500 0.68800 1.46700 -0.66400 -0.91600 -0.27900 0.48900 0
-3.37900 0.95000 -0.06000 1.47000 0.53800 0.05100 -0.68100 -0.09800 -0.40500 0.91200 1
-2.83600 1.56100 -0.07600 1.22900 -0.29100 -0.03600 -0.36900 -0.39300 -0.18100 0.85000 2
-2.02100 2.49300 -0.41600 -0.11600 0.09400 -0.03300 -0.40000 -0.08000 -0.13600 0.06900 3
-2.41100 3.85000 -1.40500 -0.30200 -0.39800 1.06900 0.21600 -0.29100 -1.11600 1.04300 4
-2.70800 2.56000 -0.43900 0.32400 -0.34800 0.42900 0.09100 -0.03700 -0.43400 0.34400 5
-2.88300 3.57600 -1.19800 -0.56200 -0.16200 0.97400 0.76400 -0.03000 -1.02300 0.34600 6
-3.39000 3.42200 -0.71800 -0.66700 -0.87100 0.78800 0.95900 0.55500 -0.48200 -0.72400 7
-3.97200 3.24000 -0.82900 0.06900 -0.61700 0.97700 0.53200 0.49800 -0.19100 -0.91000 8
-4.51300 3.08000 0.06800 0.05000 -0.48400 0.34100 -0.25700 1.30200 -0.51700 -1.05700 9
-3.29200 2.59500 -0.57800 0.42000 -0.23300 0.39100 -0.24100 0.43700 -0.54100 -0.02100 10
-2.52700 -0.92600 -0.57100 1.61300 0.62800 1.22900 -0.68700 -0.80800 -0.35400 0.62500 0
-3.49800 1.66900 0.07600 1.53000 0.38000 -0.13500 -0.81400 -0.20800 -0.30700 1.05300 1
-2.85100 1.41200 -0.18400 1.28100 0.00000 -0.14600 -0.17200 -0.41900 -0.30700 0.87400 2
-2.02600 2.43300 -0.41100 0.06400 0.22300 -0.02700 -0.42400 -0.00900 -0.30500 0.34500 3
-2.46000 3.70600 -1.30400 -0.33900 -0.48700 1.12500 0.18700 -0.21100 -1.06800 0.94400 4
-2.87900 2.66200 -0.57200 0.42500 -0.24800 0.21300 0.17600 -0.28100 -0.40400 0.60500 5
-2.81800 3.68500 -1.41300 -0.55800 0.02500 0.87100 0.68800 -0.14400 -0.93000 0.28200 6
-3.39600 3.86700 -1.02900 -0.60300 -0.57300 0.78000 1.20900 0.22800 -0.67300 -0.56200 7
-3.90500 3.14700 -1.25900 0.30400 -0.21600 1.05500 0.57800 0.35300 -0.51700 -0.87100 8
-4.56800 3.34400 -0.00500 -0.09200 -0.54600 0.47900 -0.16800 1.18600 -0.56500 -1.02500 9
-3.35000 2.71300 -0.47200 0.40000 -0.19600 0.24800 -0.22400 0.53000 -0.35800 -0.09100 10
-4.71100 1.16600 1.24400 1.74600 0.31100 -0.30500 -0.69100 -0.13700 -0.28800 1.02300 0
-4.05700 1.92500 0.52100 1.33100 0.27300 -0.16700 -0.36500 -0.66500 -0.51200 0.71600 1
-3.09700 1.38500 -0.17300 1.39200 -0.61300 -0.14300 -0.01400 -0.56500 -0.06500 1.12900 2
-2.93100 1.85000 -0.89600 0.68500 -1.00000 0.50400 0.21200 -0.27600 -0.20300 0.59500 3
-2.94200 2.64200 -1.21700 0.38400 -0.99400 1.46700 0.13400 -0.45800 -0.46500 0.64600 4
-3.06500 1.78100 -0.91500 0.69800 0.17500 0.66200 -0.08600 -0.36100 -0.77400 0.95100 5
-3.31800 3.39500 -1.70600 0.75300 -0.21400 1.43100 -0.00000 -0.19200 -1.33000 0.03000 6
-3.74700 4.26700 -1.84700 -0.23500 0.38000 0.88500 -0.04900 -0.25800 -0.77200 -0.11000 7
-4.03900 2.06100 -0.72700 0.88800 0.30200 0.41300 -0.38100 -0.19400 -0.61400 0.41000 8
-4.08000 2.24200 -0.28000 1.87600 0.72000 -0.29200 -0.53700 -0.54000 -0.66300 0.23800 9
-3.48300 2.62800 -0.38300 0.83800 0.20000 0.10200 -0.16200 -0.54700 -0.79100 1.01800 10
-4.68900 1.01500 1.31200 1.80200 0.31300 -0.40500 -0.66300 0.10600 -0.32500 0.83800 0
-4.01300 2.10100 0.29500 1.29200 0.45000 -0.02400 -0.56500 -0.58800 -0.34300 0.69500 1
-2.97200 1.15100 -0.29300 1.60900 -0.72400 0.12300 -0.08700 -0.80100 0.04000 1.07000 2
-3.02900 1.74700 -0.89900 0.67400 -1.04600 0.55800 0.20400 -0.15500 -0.23700 0.65500 3
-2.92600 2.67300 -1.24200 0.39600 -1.02900 1.54800 0.05000 -0.59200 -0.33100 0.59500 4
-3.07500 1.82400 -0.90500 0.72700 0.15500 0.60800 -0.07500 -0.37700 -0.74000 0.85200 5
-3.40000 3.44100 -1.80500 0.81400 -0.16200 1.44500 -0.11000 -0.49900 -1.20100 -0.04600 6
-3.79700 4.31400 -1.59600 -0.47600 0.04400 0.90300 0.12900 -0.14100 -0.64600 -0.31800 7
-4.08300 2.19300 -0.49200 0.69500 0.25100 0.42300 -0.55800 -0.12300 -0.53000 0.37600 8
-4.04500 2.37700 -0.30000 2.00200 0.82600 -0.18000 -0.76800 -0.40800 -0.78700 0.15600 9
-3.45500 2.56100 -0.42100 0.84700 0.33000 0.05700 -0.17700 -0.49400 -0.78600 0.95100 10
-4.75600 1.19700 1.43100 1.54000 0.26200 -0.27700 -0.74100 0.07500 -0.26000 0.87600 0
-3.99900 2.13800 0.29500 1.08600 0.69900 -0.12700 -0.63400 -0.40000 -0.50500 0.85600 1
-2.96400 1.15400 -0.37300 1.51100 -0.58300 0.15200 -0.01200 -0.94900 -0.05400 1.16000 2
-3.05300 1.51800 -0.72900 0.82800 -1.21100 0.49900 0.32600 -0.13600 -0.26300 0.75000 3
-2.96700 2.78100 -1.27700 0.35400 -0.93600 1.50500 -0.00400 -0.41800 -0.56000 0.72500 4
-3.20600 1.89900 -0.93300 0.73300 0.26100 0.56500 -0.22500 -0.33900 -0.67700 0.76500 5
-3.49200 3.44600 -1.73400 0.70500 -0.23000 1.33900 0.09200 -0.69800 -1.14300 -0.05000 6
-3.84700 4.26800 -1.52100 -0.46500 -0.23000 1.06700 -0.02000 0.00500 -0.57700 -0.50900 7
-4.05200 2.33500 -0.41500 0.73200 0.23400 0.42600 -0.49000 -0.21800 -0.61800 0.34000 8
-4.00100 2.28400 -0.36500 2.10600 1.00600 -0.02800 -0.82500 -0.39000 -0.89800 0.09900 9
-3.44600 2.44000 -0.37000 0.92600 0.19400 0.14100 -0.09800 -0.55700 -0.88900 0.98500 10
-4.76300 1.30500 1.23100 1.54800 0.30800 -0.15200 -0.79200 -0.12400 -0.10700 0.88500 0
-3.99000 2.00800 0.50300 0.84500 0.77400 -0.11400 -0.64100 -0.28200 -0.73400 0.87700 1
-2.96500 1.12400 -0.34900 1.58100 -0.66600 0.12500 -0.02500 -0.88700 -0.13000 1.11000 2
-3.05500 1.40000 -0.68600 0.96400 -1.29000 0.54500 0.33700 -0.29900 -0.17300 0.69000 3
-2.96400 2.81100 -1.31700 0.32400 -0.78100 1.36900 0.12700 -0.36800 -0.67700 0.49300 4
-3.37100 2.00700 -0.91900 0.84300 0.22100 0.54100 -0.31700 -0.37000 -0.50000 0.65200 5
-3.55400 3.38600 -1.70300 0.55500 -0.07200 1.07300 0.23700 -0.62500 -1.06700 -0.17600 6
-3.85200 4.21400 -1.55600 -0.33600 -0.30500 1.13300 -0.15200 0.23700 -0.91500 -0.44500 7
-3.96300 2.27200 -0.53400 0.97700 0.32900 0.51400 -0.36300 -0.42500 -0.71200 0.41000 8
-3.98500 2.19200 -0.42600 2.16300 1.11400 0.01600 -0.84600 -0.46800 -0.85800 0.03700 9
-3.51000 2.53500 -0.26000 0.94600 -0.07200 0.15900 -0.11200 -0.65700 -0.78900 0.91400 10
-4.75400 1.32900 1.09000 1.76500 0.21700 -0.19800 -0.78200 -0.15400 0.02300 0.85000 0
-3.96600 2.00300 0.39100 1.03400 0.65900 -0.19100 -0.44800 -0.39700 -0.76900 0.96900 1
-2.95900 1.06100 -0.35100 1.74500 -0.85100 0.34400 -0.37300 -0.72900 0.04800 0.81500 2
-3.19400 1.58900 -0.77400 0.81400 -1.08700 0.61800 0.21800 -0.45000 -0.00300 0.52600 3
-2.92800 2.83000 -1.36100 0.32300 -0.73900 1.43100 0.00200 -0.17200 -0.93900 0.60700 4
-3.45600 2.02700 -0.86200 0.88700 0.28100 0.43500 -0.30700 -0.38700 -0.60000 0.72500 5
-3.52000 3.31800 -1.86700 0.69100 0.26300 0.82200 0.14000 -0.62000 -1.09800 0.08300 6
-3.83800 4.25200 -1.62100 -0.21900 -0.28100 0.85600 0.15400 0.13300 -0.92000 -0.45400 7
-3.85700 2.13300 -0.58000 0.99600 0.50200 0.65000 -0.28300 -0.46800 -0.98300 0.61300 8
-4.06200 2.35800 -0.31000 1.89500 1.09500 0.04900 -0.87000 -0.52400 -0.98000 -0.06500 9
-3.59100 2.78000 -0.30100 0.81200 -0.00800 -0.01900 -0.26800 -0.56400 -0.78800 0.94800 10
-4.68700 1.15200 1.08900 1.91500 0.20100 -0.29600 -0.69200 -0.10500 -0.14300 0.88400 0
-3.91700 1.92500 0.26700 1.36100 0.45300 -0.19000 -0.24200 -0.63300 -0.62000 1.03900 1
-3.00400 1.09000 -0.32800 1.65200 -0.67900 0.28700 -0.29700 -0.69500 -0.14500 0.71000 2
-3.34100 1.71400 -0.77300 0.77100 -0.97600 0.62500 0.07800 -0.43800 -0.08400 0.60700 3
-2.90200 2.79600 -1.19900 0.23400 -0.82100 1.25700 0.26300 -0.07500 -1.10300 0.41700 4
-3.56700 2.08100 -0.57900 0.84500 0.12600 0.38100 -0.17900 -0.51000 -0.84600 0.98700 5
-3.57000 3.41000 -1.57600 0.56300 0.00200 0.75900 0.28500 -0.46600 -1.40900 0.58600 6
-3.79200 4.29000 -1.53100 -0.12500 -0.31200 0.62400 0.32400 -0.05300 -0.94200 -0.30100 7
-3.86200 2.10900 -0.65000 0.99000 0.72400 0.64100 -0.29300 -0.51900 -1.05500 0.65300 8
-4.11800 2.54200 -0.20000 1.61600 1.10600 -0.06000 -0.72800 -0.54400 -0.91200 -0.10100 9
-3.63600 2.71900 -0.17800 0.66500 0.09900 -0.08400 -0.33300 -0.36200 -1.04900 0.97800 10
-4.04700 0.91300 0.73400 1.47900 0.25800 0.20600 -1.11700 -0.42300 -0.33600 0.98200 0
-3.81100 2.12300 0.27800 1.55200 0.75400 0.49200 -0.58400 -0.43300 -0.98800 0.65200 1
-3.44100 1.97500 -0.39500 1.02400 -0.05200 -0.16700 -0.44500 0.16800 -0.68400 1.04000 2
-2.58400 2.09100 -1.45100 0.88900 -0.46400 0.28500 -0.21300 -0.24500 -0.13800 1.20600 3
-3.11900 3.13500 -1.46600 -0.35200 -0.02300 0.75200 0.14300 -0.23100 -0.37600 0.72100 4
-2.87100 3.13000 -1.30000 0.00800 -0.28800 0.48300 0.25800 -0.34200 -0.61400 0.83000 5
-3.05900 2.89500 -0.84700 -0.36400 -0.48400 1.02500 0.50200 0.50600 -0.73300 0.07800 6
-3.64200 3.58200 -1.03100 -0.76100 0.04600 1.25500 0.84100 0.51200 -0.25900 -0.44700 7
-3.97700 2.97600 0.30900 -0.25900 0.02600 0.81600 -0.31700 0.49200 -0.67400 -0.65900 8
-4.00800 2.14100 -0.18000 1.04100 0.68800 0.71200 -0.87900 -0.20100 -1.06600 -0.54900 9
-3.45100 2.25700 -0.84500 0.43200 0.48600 0.26600 -0.21500 0.00600 -1.08200 0.75900 10
-3.83600 0.50800 0.64500 1.72100 0.28000 0.30300 -0.91100 -0.59200 -0.63100 1.02300 0
-3.70900 1.66500 0.13800 1.55100 0.97500 0.92300 -0.39600 -0.23400 -1.15400 0.73600 1
-3.36900 1.78400 -0.60300 1.30300 0.00700 -0.04400 -0.45900 -0.01200 -0.59100 1.04700 2
-2.62700 2.08900 -1.43400 0.93700 -0.61500 0.43000 -0.31100 -0.20300 0.03800 0.93300 3
-3.07400 3.06200 -1.47000 -0.37900 0.23300 0.78900 -0.09900 -0.13500 -0.39500 0.57200 4
-2.90200 2.98800 -1.15200 0.05700 -0.47700 0.62200 0.33800 -0.36800 -0.68900 0.79300 5
-3.02700 2.90300 -0.79900 -0.45200 -0.50300 1.04400 0.67900 0.48300 -0.77600 -0.06200 6
-3.63400 3.58900 -1.07500 -0.70900 0.05800 1.05100 0.87800 0.62700 -0.11100 -0.43700 7
-3.92400 2.72600 0.41400 -0.15500 -0.02000 0.89300 -0.18800 0.55200 -0.50700 -0.61700 8
-4.04900 2.22300 -0.07600 0.92800 0.69200 0.73100 -0.93100 -0.14100 -1.08700 -0.58400 9
-3.43200 2.23500 -0.75300 0.36100 0.43500 0.42500 -0.19300 0.01200 -1.16600 0.79400 10
-3.66100 0.30000 0.53000 1.81600 0.33300 0.44400 -0.85800 -0.73200 -0.80900 0.99500 0
-3.67400 1.51300 0.03800 1.60400 0.90700 1.04500 -0.16600 -0.29500 -1.13000 0.59400 1
-3.24200 1.61500 -0.82900 1.58900 0.09000 0.05100 -0.50400 -0.21100 -0.51300 1.00500 2
-2.63400 2.07600 -1.32000 0.83300 -0.54700 0.28700 -0.17300 -0.20300 -0.00100 0.80200 3
-3.05200 3.05900 -1.66800 -0.20800 0.46600 0.72400 -0.23700 -0.17500 -0.31500 0.41100 4
-2.91800 2.89700 -1.06900 -0.07700 -0.26100 0.55000 0.31700 -0.32200 -0.77600 0.79000 5
-3.04800 2.81700 -0.70300 -0.39600 -0.63900 0.92000 0.67400 0.68600 -0.61100 -0.05300 6
-3.66000 3.61800 -1.05100 -0.74800 0.08000 1.02200 0.91400 0.61300 0.02300 -0.44800 7
-3.91900 2.57500 0.47100 -0.06400 -0.04200 0.88000 -0.12800 0.61200 -0.50400 -0.53900 8
-4.09400 2.49900 -0.14900 1.01700 0.68300 0.53600 -1.02300 -0.12700 -1.14200 -0.42100 9
-3.39600 2.25700 -0.60200 0.40700 0.20400 0.36600 0.06700 0.04400 -1.35200 0.87100 10
-3.57200 0.22800 0.52000 1.79100 0.38200 0.57300 -0.96100 -0.74000 -0.93600 1.00700 0
-3.58400 1.25200 -0.06200 1.64600 0.78700 1.13400 0.09600 -0.29200 -1.13300 0.47200 1
-3.23200 1.55100 -0.83200 1.67400 -0.04200 0.29600 -0.55300 -0.44300 -0.41300 0.96000 2
-2.64300 2.02100 -1.26500 0.75900 -0.44200 0.15900 -0.03200 -0.14500 -0.16400 0.86000 3
-3.05000 3.05500 -1.59800 -0.12000 0.14400 0.75700 0.11900 -0.39700 -0.39600 0.47700 4
-2.93800 2.78200 -1.11100 -0.07600 0.00000 0.58200 0.25200 -0.40000 -0.77300 0.83800 5
-3.09500 2.85100 -0.81600 -0.39600 -0.60300 1.09000 0.56700 0.74300 -0.67700 0.05200 6
-3.70600 3.62700 -0.88900 -0.78900 -0.09300 1.22300 0.81400 0.56300 0.06200 -0.44900 7
-3.94600 2.54500 0.44700 -0.00100 0.04300 0.78800 -0.10200 0.68000 -0.63700 -0.54500 8
-4.14500 2.73900 -0.11500 0.90700 0.66900 0.47800 -1.18300 -0.24000 -0.88700 -0.36500 9
-3.32500 2.14100 -0.52800 0.43900 0.09900 0.32100 0.21700 0.13500 -1.38800 0.74600 10
-3.46100 0.04000 0.55300 1.85400 0.38600 0.56800 -1.00300 -0.63800 -1.04000 1.05100 0
-3.54600 1.06400 -0.00600 1.45500 0.84700 1.11700 0.07300 -0.02500 -1.31800 0.55700 1
-3.32000 1.55300 -0.58600 1.68800 -0.26200 0.39200 -0.47800 -0.46100 -0.52200 0.92900 2
-2.71000 1.94300 -1.24700 0.77200 -0.34500 0.10700 -0.06200 0.04000 -0.32200 1.01800 3
-3.01800 3.01400 -1.48600 -0.10500 -0.13100 0.92900 0.22600 -0.46300 -0.55500 0.59800 4
-2.90400 2.74100 -1.12300 0.01400 0.07100 0.65400 0.21200 -0.45400 -0.81500 0.75200 5
-3.17600 2.99700 -1.09800 -0.37100 -0.41800 1.31800 0.48000 0.47200 -0.81400 0.10600 6
-3.74300 3.62900 -0.87400 -0.79000 -0.31200 1.75900 0.67900 0.56500 -0.52100 -0.48500 7
-3.95200 2.48900 0.28700 0.01200 0.14100 0.89200 -0.08700 0.61300 -0.68500 -0.62300 8
-4.21100 2.81100 0.01600 0.79900 0.51400 0.49600 -1.21900 -0.23800 -0.79800 -0.39200 9
-3.30900 2.25600 -0.61500 0.36500 0.25100 0.43900 0.01100 0.11900 -1.21900 0.69500 10
-3.50000 0.06800 0.53300 1.87600 0.36300 0.54200 -0.98200 -0.67100 -1.00600 1.10100 0
-3.62000 1.06600 0.15800 1.39300 0.87900 1.02000 -0.09000 0.08700 -1.33300 0.58500 1
-3.46800 1.81000 -0.39000 1.55000 -0.08400 -0.00800 -0.48200 -0.23100 -0.72400 0.96700 2
-2.79500 1.95700 -1.25900 0.79000 -0.27400 0.07800 -0.11400 0.00500 -0.30900 1.14200 3
-3.00200 2.94400 -1.37900 -0.18800 -0.13100 0.95700 0.34600 -0.39200 -0.71100 0.61700 4
-2.92400 2.73100 -1.13800 0.06600 0.10000 0.68300 0.16200 -0.39900 -0.88200 0.82700 5
-3.23900 3.08300 -1.42700 -0.20200 -0.28200 1.42100 0.57600 0.06800 -0.91400 0.14700 6
-3.75300 3.60500 -0.89900 -0.74700 -0.40100 1.76500 0.62000 0.75400 -0.83500 -0.30100 7
-3.98000 2.45900 0.06800 0.02300 0.23700 1.02900 -0.18900 0.52100 -0.77300 -0.50000 8
-4.26400 2.92500 0.06500 0.79400 0.32300 0.51500 -1.28200 -0.14000 -0.86300 -0.39000 9
-3.29100 2.32400 -0.67900 0.28500 0.44100 0.55700 -0.22700 0.11500 -1.04600 0.69700 10
